-1
-1
11
14
13
14
12
14
16
21
18
18
11
22
16
14
15
19
12
10
19
11
13
19
14
8
15
9
18
-1
20
11
16
6
19
14
21
17
13
-1
17
22
20
15
16
19
12
10
19
16
4
21
11
14
17
5
19
10
18
17
18
13
18
11
11
13
8
20
16
17
20
18
20
14
13
17
11
12
12
16
16
14
14
17
21
11
13
18
20
8
16
22
22
14
18
0
14
22
17
8
6
16
19
19
21
21
13
14
17
18
11
23
21
18
6
11
20
21
15
13
17
20
21
10
17
14
15
23
12
12
19
17
14
19
10
13
17
16
12
19
16
18
18
13
19
8
15
13
22
18
16
18
11
7
21
24
13
20
19
17
16
12
16
18
13
18
16
12
19
7
17
14
15
12
20
15
18
18
16
9
13
19
11
7
17
21
10
9
9
18
17
13
12
12
6
9
20
13
15
16
11
19
18
17
14
21
22
17
17
22
14
25
14
20
4
20
20
17
15
13
21
15
18
17
16
17
11
15
16
12
9
20
16
14
14
15
11
19
12
12
13
19
17
8
18
16
17
19
22
15
8
13
22
7
12
18
8
17
16
18
21
18
11
14
16
17
10
16
14
14
15
18
11
6
14
22
12
10
21
4
21
17
20
9
18
19
17
11
18
8
12
5
13
16
12
17
12
15
5
12
21
14
9
17
19
16
10
8
9
9
8
13
13
17
12
11
12
19
13
18
15
20
10
0
19
14
15
20
18
12
13
21
14
19
14
5
21
17
16
11
10
26
11
7
17
21
9
14
19
11
18
19
21
20
20
16
19
14
16
10
10
19
16
18
18
18
8
18
10
10
16
14
16
19
17
14
15
20
20
8
20
19
7
14
17
9
6
15
13
19
12
5
9
15
19
11
18
11
18
21
16
22
24
13
20
14
18
8
21
17
20
19
8
18
15
13
11
19
20
4
18
17
21
12
16
16
17
19
13
14
9
15
22
17
20
10
14
18
13
12
4
12
15
18
24
7
13
21
18
15
13
17
10
10
11
19
19
8
21
10
19
10
14
16
16
19
12
18
17
21
13
12
13
5
16
17
18
15
8
17
4
15
20
11
18
14
21
23
19
13
10
18
18
15
15
14
7
19
20
20
22
11
16
13
17
17
18
18
16
9
9
14
16
9
15
23
12
20
15
21
18
14
15
22
15
15
21
10
9
21
17
16
16
13
11
17
12
22
17
14
12
10
9
15
19
15
14
16
17
9
16
20
15
16
19
15
19
10
11
10
19
13
19
17
7
10
16
8
22
16
21
10
19
17
16
11
19
17
22
20
20
14
19
21
16
22
12
17
18
19
9
20
14
22
15
14
18
22
13
17
9
20
8
26
9
15
21
16
17
23
16
15
17
18
22
17
13
23
9
8
4
12
22
10
13
-1
14
5
17
7
14
18
12
14
14
15
8
13
16
14
19
14
21
17
11
18
11
16
18
23
15
17
11
10
20
16
20
-1
22
6
22
21
16
16
19
23
18
7
11
15
19
15
19
8
15
15
17
15
9
17
8
15
18
22
16
10
10
22
13
10
22
17
19
18
15
19
14
9
10
20
11
19
20
14
5
16
21
19
17
6
9
12
7
19
20
17
23
15
14
11
-1
16
19
20
16
11
20
17
12
6
4
15
17
11
15
11
9
22
-1
4
16
15
17
17
16
21
15
13
17
10
14
15
15
6
18
19
13
8
18
15
18
16
16
13
5
14
9
20
21
15
12
8
15
12
15
5
16
24
18
12
19
21
12
13
19
20
17
13
21
10
19
17
8
10
20
14
16
15
16
15
13
13
17
16
6
22
16
15
19
17
17
21
14
15
13
14
12
12
17
19
22
11
16
15
23
17
6
11
10
17
14
14
12
9
17
14
19
13
7
19
5
6
15
6
5
15
17
15
14
11
17
21
19
19
22
15
15
15
19
19
18
11
12
12
4
21
5
16
15
9
5
8
14
14
19
16
15
24
13
18
21
4
12
19
19
9
20
17
14
17
12
9
17
15
19
17
11
8
18
21
19
7
19
10
19
12
15
19
14
18
16
12
11
19
12
12
15
18
19
14
16
13
15
18
15
12
18
6
16
19
16
19
13
17
20
14
13
14
13
17
7
21
16
9
15
11
14
12
10
18
21
13
14
16
19
20
12
17
17
9
13
17
17
17
16
2
13
12
20
16
10
17
16
9
16
11
10
10
8
18
22
12
18
15
15
13
10
11
18
15
13
9
11
14
14
13
8
16
16
15
13
15
