98 100
93 60 66
36 39 15
65 97 5
94 96 33
94 48 94
97 38 72
26 30 94
79 21 62
88 94 45
14 9 42
9 56 73
80 94 99
23 10 9
13 86 60
21 1 87
56 46 11
78 57 19
17 9 44
21 9 26
75 84 8
64 81 30
50 12 86
9 70 25
71 85 25
88 9 22
90 23 14
45 1 68
97 74 55
1 13 77
73 48 43
9 88 93
30 88 79
72 4 11
70 83 87
23 56 13
51 6 16
62 9 48
53 16 83
20 12 35
35 52 77
42 72 76
43 41 3
37 71 27
91 21 87
82 21 31
9 89 8
8 34 71
65 18 41
5 31 90
9 50 86
60 92 82
53 2 12
35 9 41
13 18 70
1 9 9
5 28 20
22 59 65
5 51 23
25 54 58
55 3 26
14 33 61
41 1 42
89 44 93
13 34 63
25 15 50
63 72 2
94 58 6
8 29 9
85 14 92
82 68 49
31 27 96
12 87 18
78 54 78
36 72 91
7 31 76
4 86 13
76 12 79
81 14 41
59 62 17
92 25 73
49 86 1
92 35 59
53 24 23
67 62 65
84 68 49
31 88 17
62 47 53
55 21 78
19 87 50
77 25 16
40 64 76
85 32 7
11 1 17
2 15 95
27 88 61
34 95 94
69 85 77
98 60 76
19 61 17
59 66 4
23 67
5 6 5
7 19 82
15 19 27
11 8 88
22 15 74
4 17 28
2 22 76
20 4 69
16 18 43
17 21 10
14 2 62
21 19 16
3 12 99
6 8 66
7 23 34
3 19 88
14 8 42
22 3 23
15 12 15
2 5 49
13 2 2
11 12 1
11 3 8
7 12 47
2 4 53
3 13 76
12 9 54
3 21 20
3 22 91
19 5 91
2 17 91
19 11 92
4 7 90
1 2 48
21 12 5
18 20 29
20 16 70
13 3 81
3 11 60
15 23 69
4 9 63
13 9 24
22 13 8
2 19 4
23 10 51
14 3 4
11 15 36
12 21 26
23 1 56
22 11 32
3 22 40
9 19 7
5 22 62
6 17 8
19 15 28
18 23 22
11 22 96
2 10 47
5 15 23
19 8 53
8 7 82
13 6 81
19 17 1
3 17 19
2 11 67
3 21 39
15 20 66
80 100
42 74 64
18 78 4
74 41 100
47 54 100
24 51 16
42 48 45
27 26 60
71 80 92
53 45 31
14 25 88
56 74 4
69 51 92
53 27 36
41 42 82
74 45 46
74 55 41
51 9 64
45 68 20
45 61 63
52 10 38
67 72 47
74 41 77
50 44 50
42 73 40
7 70 98
80 31 87
49 42 50
52 29 86
3 5 9
53 28 12
25 19 76
37 47 7
26 12 17
35 26 17
41 55 85
26 6 46
54 15 66
64 55 42
37 34 55
61 80 49
16 55 49
34 42 45
79 59 78
36 59 45
27 42 64
17 77 38
66 6 88
40 22 11
61 4 1
54 14 58
62 35 28
41 27 75
48 58 47
13 23 36
23 77 87
52 26 35
37 57 16
42 33 30
47 1 37
27 15 30
76 74 92
75 5 7
46 27 69
60 30 11
43 24 4
74 45 54
27 55 60
42 38 5
66 65 98
77 15 87
42 34 34
14 40 45
64 15 31
41 45 24
59 64 88
67 33 41
5 74 66
63 17 91
54 44 5
18 13 47
41 54 89
37 21 16
42 14 48
54 41 98
39 57 92
45 69 42
55 15 49
57 70 82
41 15 7
41 15 1
74 54 16
11 28 45
64 55 1
32 48 54
54 74 39
34 20 1
60 75 45
8 35 89
54 53 40
34 2 86
58 100
38 53 19
32 13 78
28 41 88
35 53 70
2 32 21
45 37 97
32 28 19
35 49 80
32 49 29
32 39 62
49 12 82
12 44 92
52 28 41
36 42 63
32 21 82
53 7 46
57 13 83
10 28 38
19 47 97
27 10 88
57 48 72
25 55 70
52 55 83
36 53 94
47 19 86
55 47 25
35 32 24
49 47 79
53 31 23
32 57 52
53 21 70
47 21 17
8 58 24
10 13 4
35 21 75
32 49 93
28 5 100
15 13 18
53 21 89
9 19 83
49 46 33
7 46 27
46 55 93
20 12 77
46 35 51
57 19 92
57 52 85
47 46 75
36 18 23
46 47 27
48 32 5
55 35 86
13 50 4
49 35 85
35 42 94
19 53 75
19 46 51
57 21 26
12 21 84
55 10 7
6 24 88
46 32 15
3 13 90
26 32 91
13 46 41
47 50 56
21 47 76
17 21 73
23 9 19
34 30 40
48 28 90
35 45 79
29 1 91
46 47 5
21 55 4
29 57 32
12 57 46
56 19 85
48 36 30
11 18 56
46 47 73
50 22 44
35 47 61
53 33 68
32 8 46
16 40 61
32 57 62
57 49 71
49 46 69
43 42 51
21 28 42
45 4 92
54 50 90
42 40 41
49 50 17
45 51 17
57 14 64
48 47 87
35 34 93
6 10 25
25 100
12 25 17
7 6 67
18 25 31
21 16 81
13 4 94
5 12 1
17 10 72
4 19 37
9 24 38
10 8 40
8 20 4
9 8 18
4 10 81
17 25 61
2 10 47
4 11 4
18 17 16
11 12 73
17 13 17
18 8 21
17 23 81
21 22 72
17 7 60
11 25 75
13 21 89
4 16 90
5 4 77
9 4 85
12 11 26
20 11 73
2 25 13
8 17 56
4 18 44
20 7 39
13 25 38
2 16 72
4 10 27
23 4 26
18 25 40
4 18 12
4 17 42
4 24 16
14 11 70
4 12 9
24 10 30
5 4 7
7 24 34
24 21 67
3 8 44
21 2 67
5 15 54
2 19 86
9 15 84
24 2 99
2 7 89
16 21 90
10 2 20
17 14 5
22 11 82
21 16 17
10 4 41
4 2 78
14 18 52
3 21 78
2 5 51
17 8 55
6 13 21
9 7 76
17 24 34
4 17 16
18 24 72
9 4 22
12 13 28
13 7 93
21 12 26
2 11 34
16 13 41
11 10 31
13 20 26
24 9 30
12 20 86
18 16 12
9 12 22
11 20 91
20 10 87
23 3 45
14 2 62
12 23 27
20 17 39
3 21 22
2 8 37
11 5 70
17 23 41
1 20 99
7 6 95
5 17 5
5 2 2
10 17 19
9 12 9
10 2 45
93 100
89 68 61
30 56 49
4 77 81
8 7 16
35 24 61
20 28 15
19 66 82
60 69 39
51 70 32
82 12 1
44 91 4
75 52 79
18 5 59
90 93 40
50 49 36
83 19 32
59 61 27
14 79 76
19 82 58
81 35 38
10 52 72
56 64 71
7 5 85
42 60 68
2 9 15
22 34 76
46 37 24
67 36 46
73 47 24
74 42 62
38 87 12
5 52 40
47 7 33
79 12 7
61 4 12
5 43 19
34 36 60
89 47 1
60 28 56
45 55 93
82 24 91
66 37 95
11 6 10
46 64 95
79 5 23
35 26 33
32 60 15
39 45 79
6 49 58
84 82 36
82 23 33
79 12 65
66 15 78
82 14 25
62 93 82
5 12 54
58 16 86
3 75 78
87 57 67
79 70 92
19 4 11
19 21 83
29 38 51
60 78 70
36 41 57
54 32 78
89 17 77
21 39 16
5 14 44
19 82 73
60 85 57
79 1 84
63 93 36
71 6 56
43 25 46
32 13 16
79 62 77
91 65 13
2 68 11
76 11 98
18 38 6
12 36 59
58 41 79
17 40 51
19 70 62
14 80 82
31 47 68
72 76 91
86 21 29
82 79 70
7 85 13
27 58 72
70 6 90
5 88 53
12 70 2
65 5 97
36 48 44
68 33 49
92 77 6
38 53 88
73 100
58 48 42
69 52 16
17 47 82
56 73 56
40 52 54
42 39 77
36 53 41
20 41 88
18 53 33
47 21 41
17 22 19
31 46 96
47 41 83
42 28 81
50 29 22
60 65 23
3 36 50
3 69 65
6 43 78
53 12 2
3 47 56
10 22 37
4 14 52
2 69 54
59 42 1
6 68 1
66 42 86
36 21 45
36 53 72
21 69 64
32 69 50
17 35 45
53 3 18
17 39 89
66 7 64
52 8 97
52 67 84
66 3 1
69 51 36
41 59 46
21 66 58
13 6 58
56 35 100
42 52 38
48 7 56
50 72 74
39 72 22
44 49 13
26 30 90
35 52 84
33 16 4
53 66 44
21 47 3
63 42 40
45 73 6
62 22 57
59 36 40
32 61 93
59 24 61
53 36 61
18 19 75
53 35 44
14 55 17
2 43 75
60 21 19
39 52 51
46 60 91
66 59 22
66 3 79
21 47 85
51 57 79
41 53 4
66 21 60
42 49 1
5 13 17
39 14 44
4 9 70
16 62 75
16 30 32
70 63 4
69 66 75
25 7 1
64 65 89
60 21 19
27 2 91
32 34 11
37 51 64
10 11 79
31 1 41
36 21 71
71 24 85
59 41 50
38 52 45
3 47 89
59 39 31
59 3 68
65 23 87
41 52 95
14 15 74
54 49 56
3 2
2 1 86
1 3 34
74 100
21 14 74
17 6 53
41 65 33
71 27 53
9 6 38
44 73 22
24 33 96
37 34 97
73 42 56
73 26 100
10 42 87
20 36 100
35 56 100
21 1 44
44 35 53
19 66 62
34 44 1
51 58 77
50 22 88
34 13 93
45 47 69
34 56 71
6 42 4
35 21 27
60 74 82
17 61 98
3 61 66
40 37 36
13 35 80
58 15 53
61 1 69
66 16 26
1 73 80
64 30 81
45 33 13
40 65 49
5 71 100
42 56 42
42 43 48
19 59 67
1 13 53
42 73 2
46 60 36
28 48 51
21 4 6
48 44 82
13 73 16
40 42 66
16 55 1
5 57 89
8 65 77
13 34 42
62 6 4
22 38 96
37 1 67
11 66 82
16 52 62
64 63 5
34 61 56
30 29 85
49 51 15
20 42 14
42 39 31
25 73 63
66 44 27
13 21 27
40 70 30
66 69 45
7 55 97
12 56 17
18 72 96
20 18 52
2 37 73
21 13 59
68 21 81
54 39 79
41 29 11
60 2 63
45 32 87
35 61 1
56 44 93
37 23 52
67 7 56
1 61 54
34 13 65
13 17 33
56 45 13
17 1 72
73 13 79
35 50 17
34 73 100
15 50 26
34 35 66
8 53 52
13 56 81
61 21 22
35 27 52
73 61 12
42 35 2
31 8 22
27 100
23 7 45
17 8 99
20 9 49
15 8 32
4 19 19
8 3 53
2 14 69
20 24 51
23 7 62
24 19 73
2 16 44
7 16 49
25 7 92
14 11 56
24 11 19
22 26 32
7 14 37
3 16 70
1 20 59
7 3 46
1 19 69
14 16 76
23 13 77
11 3 86
8 12 98
14 6 95
25 27 26
23 16 89
15 2 76
19 1 97
19 1 18
10 3 9
16 19 15
12 11 95
1 25 41
24 14 5
24 11 50
16 25 48
10 2 69
7 11 39
15 27 85
26 3 54
20 5 18
8 12 29
26 8 70
11 3 36
3 27 71
2 16 8
10 8 56
2 16 39
23 26 40
5 13 91
10 7 40
8 5 46
7 16 84
8 16 24
19 1 10
20 3 84
20 10 73
25 27 47
10 8 47
2 19 33
10 1 23
18 27 28
19 7 5
7 1 61
20 5 78
10 4 67
2 17 87
19 12 4
3 23 5
24 27 36
5 11 6
7 20 23
12 3 38
2 3 90
11 2 69
20 5 72
10 11 62
13 2 4
11 12 85
2 1 52
17 7 57
25 7 57
19 16 55
5 21 81
25 8 48
19 15 4
14 11 65
16 25 43
16 11 67
17 16 33
17 24 65
10 20 99
27 7 13
13 15 18
10 8 29
16 1 35
3 19 56
15 11 98
74 100
65 7 21
5 43 81
60 43 60
58 43 76
27 67 45
28 52 17
72 25 92
55 28 34
36 39 73
17 43 53
39 16 75
9 33 99
2 23 59
69 54 35
9 74 3
60 21 34
19 44 63
28 15 18
45 5 2
34 42 12
67 55 67
10 61 94
38 72 19
39 2 72
8 53 78
10 36 32
5 67 69
54 56 21
45 67 61
16 14 88
68 55 15
10 18 92
28 5 27
20 61 93
47 36 59
5 3 19
26 19 80
11 43 59
12 70 19
29 19 63
24 50 60
54 2 71
30 45 37
5 45 41
59 3 75
68 65 70
43 39 94
39 43 8
16 42 96
73 10 43
12 23 81
46 45 29
72 22 67
63 8 23
43 73 85
60 58 82
43 55 55
9 68 38
25 67 22
60 47 65
45 58 5
47 39 88
58 25 8
47 40 91
28 58 16
67 10 37
60 5 28
67 58 87
4 69 93
28 55 55
10 64 17
28 40 86
43 55 70
71 54 84
5 28 91
74 51 73
25 50 21
48 33 59
40 10 74
60 11 8
55 25 52
10 41 4
57 13 83
49 60 10
45 52 87
37 67 99
6 38 64
45 66 51
62 33 56
43 31 81
39 45 20
1 10 58
11 5 97
11 45 35
9 35 87
57 25 87
33 32 70
43 11 14
68 8 88
19 73 95
60 100
52 20 89
52 57 67
30 27 97
39 15 26
27 48 45
40 16 4
44 24 71
48 17 7
17 41 91
21 17 53
10 16 27
48 15 64
40 9 19
31 16 100
48 40 72
53 55 55
7 39 23
10 18 71
10 30 98
36 11 78
39 16 48
54 40 72
3 12 81
56 51 33
27 21 21
8 15 68
31 6 55
24 17 81
22 15 23
30 39 22
31 21 97
40 24 91
27 7 40
37 4 57
31 27 55
32 58 49
31 16 20
53 39 79
8 30 20
40 11 43
40 30 31
4 23 39
16 27 98
27 9 2
47 19 44
4 45 19
46 36 50
56 57 90
40 20 53
52 43 99
14 15 21
20 52 26
17 16 30
39 27 10
48 30 53
52 10 71
39 40 66
28 40 50
60 3 10
48 49 63
17 7 76
38 54 88
34 32 12
33 34 32
24 13 17
40 6 52
39 27 10
31 42 77
24 25 58
5 57 26
17 27 24
16 1 44
48 30 96
39 35 77
52 16 69
27 39 41
40 17 69
13 26 70
30 52 70
59 21 63
9 20 45
6 23 13
50 30 47
43 39 88
9 57 32
40 8 55
47 41 96
20 27 38
16 6 88
40 43 84
33 13 59
9 15 88
16 30 87
52 24 7
9 17 54
39 40 25
2 47 41
12 56 56
27 52 98
29 46 8
70 100
11 36 65
5 27 6
36 31 7
14 46 63
16 36 64
45 67 11
10 50 40
64 13 44
67 47 72
35 4 23
9 31 57
43 51 28
11 48 21
5 17 24
36 69 74
32 34 30
39 48 35
47 70 48
26 48 8
35 43 24
21 56 79
22 58 5
48 67 96
11 67 4
48 16 10
11 31 27
39 36 70
57 27 43
48 11 19
16 1 6
68 31 42
60 58 36
11 32 43
16 57 2
44 68 65
43 67 99
9 48 42
48 24 86
39 32 55
33 12 95
20 59 32
51 40 91
51 24 58
24 32 59
43 48 8
57 61 61
39 48 86
54 67 79
32 16 5
25 64 27
51 28 48
8 9 31
17 63 30
57 43 64
33 3 95
17 18 53
9 51 42
67 20 10
51 7 64
69 9 49
68 32 7
65 47 22
42 34 93
37 67 82
17 62 31
68 12 46
24 36 66
24 39 44
2 31 84
6 31 28
57 16 12
19 66 12
43 51 65
13 54 13
10 14 7
32 39 78
34 11 30
19 23 40
43 11 29
52 58 83
56 29 92
9 11 27
21 10 51
38 50 3
24 48 55
57 14 20
57 48 28
32 66 11
34 43 93
24 14 33
39 67 88
67 16 92
28 55 13
11 58 84
15 34 40
30 59 56
49 55 25
41 43 26
53 68 99
48 39 28
10 30
3 10 72
1 10 74
10 4 10
8 2 91
2 10 89
7 3 45
2 4 100
8 1 40
5 8 46
6 5 22
8 6 35
10 2 30
1 7 87
4 8 91
6 7 62
7 4 40
5 3 52
7 1 67
9 10 46
7 6 68
8 2 45
6 3 33
5 3 38
4 3 74
7 4 69
7 1 15
8 4 12
7 3 55
8 3 4
1 7 27
81 100
12 28 28
2 54 99
2 51 95
7 20 88
3 58 19
68 45 18
55 41 91
49 77 46
27 28 48
20 27 70
36 27 74
20 68 87
54 20 99
54 2 41
54 60 2
54 66 48
28 42 40
24 63 21
68 34 11
2 80 51
51 50 45
2 45 87
27 42 23
27 66 41
78 30 71
64 47 35
80 46 46
3 36 6
44 28 54
42 28 35
23 68 80
22 10 29
51 24 77
64 59 40
9 45 52
73 61 57
20 40 96
17 1 4
23 39 72
14 32 56
6 70 18
27 45 30
26 9 22
80 47 2
6 71 96
44 48 90
38 25 60
42 66 61
24 66 70
49 2 58
74 35 76
2 13 40
24 80 92
65 68 3
2 68 93
72 65 61
11 39 23
53 25 25
16 47 2
68 66 33
54 68 17
21 74 95
10 62 84
68 6 80
79 45 24
32 80 67
50 33 22
80 51 12
43 15 45
45 74 22
18 44 43
62 19 34
25 46 61
2 31 69
41 17 22
1 42 10
9 5 48
33 75 40
45 68 74
42 56 91
76 2 56
54 69 36
42 29 91
6 37 60
81 41 7
57 20 48
68 67 38
6 78 21
20 52 60
73 50 12
45 80 29
24 51 9
27 54 18
21 4 90
45 54 80
24 2 19
24 51 53
28 10 36
15 52 4
25 8 74
32 100
30 20 40
5 9 86
26 18 75
13 28 62
4 11 46
15 4 10
28 21 9
19 8 35
23 6 41
14 30 57
31 30 63
12 20 6
19 25 46
13 16 86
27 32 2
4 14 51
12 23 27
30 20 82
18 17 26
13 32 91
8 11 76
4 13 71
19 17 3
31 27 80
20 14 67
27 28 2
29 10 49
23 12 39
10 26 59
31 4 4
11 32 19
4 23 57
1 10 30
31 14 73
4 10 45
26 4 18
4 6 48
14 29 25
8 31 53
23 28 42
32 11 71
8 28 39
6 15 79
7 1 31
11 21 70
21 31 72
13 21 26
15 28 10
12 27 7
31 32 9
30 15 31
6 7 22
31 12 35
5 32 94
23 16 32
27 32 33
4 21 1
23 30 71
28 30 12
4 18 41
26 22 73
27 18 77
24 32 57
15 2 96
7 16 64
1 16 32
18 27 79
16 10 89
27 15 31
28 20 49
14 16 95
30 21 37
25 18 95
30 32 71
9 5 2
3 23 56
20 4 9
8 4 71
15 13 92
12 23 84
16 27 23
21 4 9
30 16 2
30 32 1
28 17 94
17 21 31
32 26 93
8 9 71
8 20 89
24 11 24
17 27 1
16 28 78
20 12 5
4 5 29
9 10 17
32 13 65
9 30 25
29 13 93
32 1 62
14 15 61
18 61
1 15 23
7 14 85
9 7 11
1 16 8
15 7 39
17 9 79
5 3 35
5 9 88
12 5 25
8 3 1
9 15 59
2 8 83
5 1 86
8 12 67
5 17 43
4 17 13
9 16 4
17 3 66
8 4 1
13 5 97
9 13 91
7 8 40
14 5 74
7 14 38
6 1 25
4 10 62
7 10 4
5 11 71
4 9 74
11 9 61
4 5 5
3 7 88
11 6 53
6 18 63
17 7 83
18 15 67
1 9 58
18 17 13
4 5 65
7 12 58
14 7 68
13 18 9
1 7 75
5 1 94
14 8 86
14 15 77
13 15 12
3 8 28
3 7 70
13 17 9
3 5 22
11 13 92
7 1 27
7 11 10
1 9 82
4 8 97
12 18 24
13 2 85
17 5 72
7 4 26
2 13 99
78 100
44 48 52
34 30 53
63 55 95
74 57 20
42 78 49
71 32 34
63 44 32
63 39 55
5 40 43
37 39 16
45 52 40
30 2 25
68 37 95
68 28 89
52 66 19
42 37 82
28 18 47
17 27 91
5 57 74
65 42 68
73 6 58
28 72 87
75 54 76
53 29 7
63 44 33
67 42 40
28 34 38
44 68 100
36 46 64
3 26 23
13 76 54
3 37 51
42 74 79
48 42 46
39 44 2
42 53 62
54 15 66
63 72 61
28 71 27
74 33 50
20 56 34
44 71 24
28 39 41
25 57 15
16 62 32
68 59 70
17 20 98
22 54 70
74 75 63
48 58 33
68 66 88
43 28 26
19 70 81
71 37 43
33 9 4
71 39 78
68 49 16
4 61 42
42 51 48
74 44 68
11 64 5
72 44 75
68 28 61
5 36 40
69 57 40
45 7 25
44 72 56
1 76 24
35 78 50
70 3 16
55 12 61
10 40 99
13 75 93
48 44 52
49 23 54
32 41 70
71 44 10
69 8 90
48 42 30
70 64 98
44 39 55
24 71 25
39 68 23
77 14 69
71 42 32
17 21 3
15 60 58
16 48 82
41 50 56
3 71 11
77 1 68
47 76 76
68 38 23
63 42 29
73 48 58
35 4 8
50 31 87
63 17 41
3 39 25
39 48 47
95 100
54 60 22
14 19 32
22 89 15
46 76 11
30 19 48
19 46 67
26 55 77
34 28 41
67 76 92
60 29 23
32 92 79
14 85 78
41 59 36
2 30 88
10 22 75
74 58 96
1 19 51
27 5 10
60 95 90
61 43 58
80 1 44
43 95 55
51 70 66
41 70 40
8 4 93
15 24 87
29 70 66
60 70 17
60 51 66
70 54 27
29 93 83
65 60 83
12 95 99
58 53 1
7 19 64
74 17 78
73 33 56
89 84 49
35 66 97
40 54 72
42 41 77
13 43 74
22 91 78
63 21 43
26 66 92
75 29 72
30 6 48
47 66 97
56 49 84
60 19 100
82 33 83
92 75 53
21 26 38
31 74 94
72 70 13
76 44 31
81 20 72
58 46 96
37 46 77
26 71 37
60 73 93
33 64 62
12 39 54
22 5 9
58 78 1
2 9 40
54 95 35
83 55 99
83 77 32
50 74 85
69 22 90
68 73 60
40 79 59
54 29 95
33 86 64
62 25 98
92 57 75
3 48 18
16 62 29
74 4 87
22 24 77
88 11 27
62 81 9
60 51 35
21 95 56
54 87 87
58 34 36
45 43 28
60 22 67
90 65 62
58 48 87
52 48 57
31 18 65
20 49 14
48 23 64
38 15 10
11 30 79
76 94 49
70 81 49
36 60 99
24 82
6 7 56
15 5 30
22 7 95
22 24 72
7 22 90
17 7 90
18 1 34
24 22 62
8 18 96
10 2 25
21 7 31
7 18 14
17 8 5
1 10 19
11 22 76
9 1 95
13 1 42
16 8 31
3 6 34
9 17 78
1 20 67
6 10 23
24 15 39
14 4 8
19 16 82
15 4 47
20 3 9
8 21 53
1 21 48
12 7 22
8 23 18
24 21 67
23 21 96
2 11 76
20 19 97
21 24 8
1 16 82
6 23 96
3 24 2
4 22 48
21 15 39
21 16 30
2 1 38
7 8 6
9 1 73
20 5 81
1 15 87
6 10 1
24 15 24
11 2 39
21 6 94
8 1 84
21 24 65
22 15 10
15 9 88
9 12 96
20 6 37
23 17 78
10 17 8
5 9 97
23 19 99
24 1 56
7 8 16
15 24 89
23 19 35
5 15 83
22 24 56
16 22 8
9 17 1
23 5 100
16 20 93
3 14 71
4 6 11
3 8 27
23 13 97
23 3 25
19 21 82
7 15 69
19 13 22
8 15 99
1 9 46
7 11 30
63 100
19 44 80
11 6 11
4 52 43
37 17 75
31 16 70
62 46 59
21 58 44
36 29 37
63 17 74
62 38 55
24 19 59
53 62 80
45 47 73
3 62 41
27 52 59
58 15 17
54 7 98
2 15 33
56 15 37
31 13 45
50 26 38
34 25 61
54 3 33
62 44 36
60 43 63
23 13 4
54 56 41
19 52 84
19 62 48
53 61 42
35 45 15
53 41 43
56 28 90
11 8 71
56 9 25
56 42 32
57 45 84
11 3 91
11 50 94
8 19 37
14 49 75
44 61 7
44 58 24
44 55 78
7 54 29
42 20 43
3 13 50
48 45 7
15 44 42
11 34 81
3 8 55
54 11 33
11 9 4
32 51 81
40 3 81
3 33 13
53 9 11
12 21 11
11 53 32
8 61 45
15 30 35
22 19 71
58 44 45
62 7 67
15 54 97
45 54 51
56 44 13
19 44 35
62 13 4
8 3 88
60 22 89
51 29 100
5 60 97
54 7 19
58 54 8
58 11 2
11 61 11
39 36 18
53 10 49
62 3 59
31 14 12
7 8 58
61 54 18
58 52 79
19 61 81
47 36 54
8 56 1
3 53 49
59 2 62
17 56 66
44 3 56
13 50 93
50 9 1
11 56 16
54 50 90
54 11 35
11 9 75
19 13 33
18 24 89
56 1 2
5 6
4 1 77
3 1 56
4 3 52
3 1 96
5 3 68
5 2 87
52 100
21 32 24
20 36 41
10 1 66
39 32 61
48 19 9
23 36 29
12 39 63
35 44 67
12 33 90
42 19 77
50 29 74
36 49 89
29 16 43
5 1 46
21 12 46
33 24 12
32 24 81
33 22 91
33 32 34
37 30 66
39 12 17
23 7 3
21 24 69
10 5 70
45 31 79
43 33 83
7 27 68
33 47 50
33 23 75
10 21 63
21 25 61
10 17 54
36 13 70
34 15 14
36 33 41
19 24 49
25 24 61
28 42 28
32 1 27
41 30 53
25 1 85
8 15 23
44 36 40
33 5 83
29 25 35
29 39 62
29 24 43
23 29 50
10 24 34
25 45 45
45 10 45
38 10 7
21 9 65
25 24 33
24 23 37
43 25 11
12 39 93
32 19 67
16 11 33
33 25 97
36 22 8
22 39 52
10 4 84
12 23 88
29 5 6
25 29 96
45 10 16
2 49 16
32 24 38
29 33 56
32 43 53
12 40 54
33 5 23
31 46 66
12 13 18
23 36 52
15 26 49
21 1 36
21 10 67
12 32 23
45 21 35
33 12 20
52 21 37
22 32 48
45 14 63
33 32 82
19 24 76
47 30 22
45 12 61
39 23 90
32 18 47
51 24 31
44 6 51
25 3 99
15 35 98
32 33 23
32 5 10
36 25 23
19 25 29
29 45 11
41 100
10 19 60
21 20 63
35 10 11
32 5 88
33 25 29
35 27 43
21 12 63
23 7 13
6 16 28
21 27 32
6 32 64
21 2 45
37 35 57
31 4 83
5 31 92
2 31 65
20 10 66
18 21 16
34 23 25
18 19 56
37 28 53
37 34 28
12 27 94
34 17 50
21 32 27
17 34 25
32 7 98
34 2 14
29 7 37
20 37 8
39 37 30
34 23 16
10 17 5
8 5 49
22 2 88
23 7 1
27 10 18
10 33 52
13 21 18
29 22 2
10 30 51
17 12 68
32 34 56
20 10 1
10 21 11
18 23 48
32 19 78
36 3 44
12 20 49
2 38 24
27 19 94
14 23 45
12 34 55
7 37 34
7 23 28
27 22 8
24 20 71
10 35 62
7 27 66
37 35 39
11 30 36
3 31 19
23 27 9
21 23 31
19 20 29
23 21 18
20 7 22
22 34 51
35 37 97
10 17 38
21 33 95
33 20 81
23 19 66
23 29 51
27 33 45
7 5 69
23 18 69
35 31 18
35 22 68
19 9 66
20 21 79
28 19 58
1 13 99
30 31 77
28 26 23
12 29 11
34 15 86
7 37 78
22 34 34
37 22 12
21 5 39
21 31 54
37 17 90
17 35 11
40 19 19
37 23 16
37 15 7
20 32 24
32 41 65
17 23 14
87 100
13 73 50
22 36 29
70 69 4
43 44 22
4 87 46
70 53 19
19 67 41
36 68 12
54 63 28
64 60 98
31 19 15
47 27 35
18 39 95
25 14 30
29 74 70
71 4 78
20 86 99
86 8 77
34 20 10
73 71 14
64 30 39
6 65 48
84 79 4
61 66 17
36 35 50
24 48 51
62 36 17
5 19 65
21 67 74
12 11 75
64 14 51
31 34 51
24 20 53
20 31 49
76 37 89
46 39 42
66 77 62
31 34 97
20 67 4
64 85 53
38 46 56
28 80 41
19 34 48
12 86 61
52 42 5
70 10 21
67 66 55
20 69 36
41 19 90
74 67 33
63 75 99
65 23 61
34 49 17
70 65 20
55 23 99
58 35 67
1 11 86
74 73 61
9 81 88
50 19 36
27 16 13
5 67 54
36 71 21
33 24 65
73 31 18
69 5 80
30 54 95
45 48 86
73 51 81
83 15 33
74 19 79
12 76 29
36 81 38
65 78 91
26 5 35
71 27 46
46 74 57
74 31 54
67 85 23
17 69 45
32 9 68
85 15 88
69 80 49
79 52 26
67 5 87
82 20 63
2 14 30
39 3 81
7 43 1
73 21 1
67 20 69
5 19 75
22 52 3
21 40 25
85 57 78
31 7 46
34 20 31
78 56 40
59 80 3
72 12 79
7 10
1 4 3
2 6 67
6 7 30
7 1 96
1 6 46
3 6 49
2 6 33
5 1 9
2 5 35
1 5 34
13 39
7 11 78
13 2 64
9 13 21
9 6 98
6 10 21
9 3 19
5 3 68
6 9 9
11 10 100
7 12 25
8 12 24
13 2 46
2 5 95
9 2 31
10 4 4
4 1 58
6 9 92
11 4 48
3 1 70
2 10 92
3 12 42
3 8 92
11 3 59
6 4 85
6 4 34
7 6 10
12 2 12
2 13 38
5 9 24
6 11 34
11 3 51
1 6 41
2 13 19
11 7 76
1 2 17
10 13 19
4 2 35
2 13 91
11 5 84
12 31
5 2 80
4 11 32
5 2 45
10 5 3
8 6 54
4 3 37
3 7 85
1 9 24
1 4 1
5 8 7
10 3 24
9 6 47
10 1 17
4 5 18
3 6 64
11 6 61
6 5 31
4 11 13
7 1 66
3 2 36
12 1 75
5 11 84
9 1 73
12 10 31
1 2 37
9 6 52
10 8 58
10 9 74
7 4 31
11 8 26
6 11 88
17 41
3 6 17
1 10 60
1 17 54
17 6 22
6 16 75
5 15 17
8 16 69
7 8 77
13 12 57
16 5 57
1 17 76
9 8 85
12 7 63
3 9 44
9 15 7
8 15 89
7 14 51
16 1 86
16 12 47
3 15 99
5 16 49
5 6 92
13 5 60
9 5 33
15 4 64
17 11 88
5 17 57
4 14 52
1 8 70
12 16 100
5 9 23
15 17 83
17 12 22
6 1 16
10 2 75
14 2 75
5 15 61
5 13 10
5 4 76
4 14 45
7 13 4
29 100
12 22 44
27 24 72
14 11 24
25 14 60
11 29 85
23 5 58
12 23 71
18 19 99
12 14 10
28 12 4
24 9 23
3 24 31
22 20 92
15 23 43
18 27 66
17 9 27
20 24 49
1 16 40
22 12 58
24 7 96
20 26 99
1 15 82
10 5 9
9 18 99
1 28 44
25 28 39
11 9 40
17 12 28
2 18 94
15 13 44
19 24 68
11 14 65
19 18 59
15 24 44
9 4 78
2 18 40
23 9 88
29 1 33
25 14 35
21 1 73
26 22 57
14 20 81
22 6 37
16 21 52
1 6 17
4 9 74
26 24 90
5 3 79
19 5 53
22 12 28
28 4 3
24 4 13
8 16 16
23 12 99
1 17 86
28 20 91
19 11 5
17 19 5
14 11 97
20 1 91
12 1 95
1 26 16
10 14 4
11 9 90
3 18 25
8 12 30
10 6 13
14 23 75
19 13 18
17 18 99
10 21 96
25 16 75
27 10 6
12 14 99
11 24 49
12 1 99
27 12 7
18 19 44
15 2 91
10 17 14
4 12 54
2 25 83
3 21 90
6 10 24
20 3 37
17 10 75
22 12 9
14 26 96
11 12 89
24 12 47
19 7 23
20 5 35
17 16 56
16 12 86
14 23 4
5 18 55
17 11 56
24 1 60
1 23 57
21 6 64
6 8
1 4 21
4 3 49
4 5 37
5 1 17
3 4 56
1 6 14
2 3 78
2 4 58
35 100
31 32 42
1 10 76
34 4 40
24 30 91
30 22 57
28 22 87
22 18 27
20 3 99
20 2 89
10 9 54
33 9 56
32 1 67
4 26 70
32 1 32
9 4 50
20 19 6
30 26 90
3 4 66
7 30 5
19 35 83
28 20 50
34 1 27
19 25 73
10 20 47
25 3 20
9 22 82
22 28 26
30 3 56
22 34 94
25 19 28
32 1 27
9 5 51
10 17 58
18 22 84
16 34 96
23 18 21
29 10 66
18 5 49
24 1 65
28 25 77
32 5 24
25 34 23
3 9 100
10 9 13
10 22 63
10 3 5
16 34 60
26 22 97
20 30 96
9 18 94
9 25 82
22 28 2
3 32 68
13 30 40
1 22 17
15 16 6
2 9 94
9 20 51
34 26 70
18 3 51
19 28 100
1 34 86
22 30 28
20 27 92
30 18 53
31 19 13
17 3 91
12 2 40
25 5 89
22 8 89
10 34 54
20 16 74
16 26 43
32 20 39
26 10 21
29 14 15
22 16 66
31 10 34
35 18 46
11 24 56
22 9 46
4 17 74
35 25 13
4 24 100
25 17 46
31 24 39
1 10 59
28 3 20
21 27 35
26 3 2
5 6 82
19 26 59
18 1 49
19 24 88
9 26 28
28 26 88
9 1 20
22 9 57
24 5 6
4 24 79
26 99
8 23 65
5 19 69
13 6 46
21 5 19
10 5 96
4 15 18
8 15 45
26 21 32
26 22 88
4 19 76
9 19 11
15 23 72
1 5 3
20 7 87
1 14 62
2 12 97
21 17 78
4 22 88
21 5 25
26 7 55
26 2 20
19 3 16
5 9 11
25 14 54
23 12 21
5 20 70
5 12 76
10 22 71
24 1 62
2 10 35
19 23 15
26 22 18
17 15 8
23 17 44
26 4 78
22 10 97
12 21 13
4 22 24
3 9 88
15 9 21
2 7 61
8 11 46
20 8 76
23 9 64
7 4 70
4 19 95
24 8 85
19 13 51
22 3 1
15 5 74
8 3 81
18 26 79
10 19 52
9 15 40
25 11 72
7 23 78
2 23 66
5 15 13
21 22 34
5 12 16
3 25 53
12 2 60
20 2 17
3 10 81
26 21 98
24 10 18
9 4 27
5 2 31
3 2 48
25 10 4
6 5 1
5 25 100
3 26 14
20 19 43
1 8 48
3 19 26
9 16 28
18 10 34
21 7 19
19 6 56
1 20 23
19 2 74
5 10 28
16 14 86
23 21 66
10 6 89
17 8 18
15 10 6
3 7 65
17 14 98
11 24 70
26 5 74
8 5 95
5 26 49
9 15 41
10 6 57
8 6 50
23 19 99
5 17 68
8 18
5 8 70
4 7 67
5 4 52
7 3 93
7 4 87
3 8 72
6 3 45
5 8 26
2 8 55
4 1 56
2 6 71
3 4 2
3 7 21
6 4 99
5 8 82
8 4 99
7 5 89
4 6 85
85 100
18 60 90
53 57 24
16 62 89
47 21 37
10 43 89
44 1 43
3 42 41
3 46 9
36 61 43
3 69 33
5 4 50
26 48 60
75 16 80
4 20 21
43 51 78
13 43 5
31 6 74
43 3 29
18 6 92
59 6 31
83 42 10
73 60 54
43 51 76
84 41 28
43 31 18
70 43 97
43 1 35
3 21 75
80 60 71
78 11 8
80 31 10
28 20 11
66 30 51
34 74 71
11 42 15
81 37 54
68 33 39
80 82 79
51 21 1
60 74 63
16 6 44
67 48 13
55 72 58
80 63 5
16 66 87
22 72 38
8 16 93
14 66 60
31 19 84
59 47 62
80 69 16
69 27 77
18 77 4
19 43 12
29 77 19
85 39 36
54 39 92
45 63 61
12 47 50
18 49 77
55 76 78
3 64 69
56 5 71
64 38 30
51 55 81
41 74 59
26 16 66
6 31 87
7 13 4
13 17 100
84 40 22
79 81 100
51 47 18
39 33 78
39 80 54
81 5 16
10 23 91
51 47 45
21 80 42
52 65 2
57 16 96
49 71 26
32 13 8
21 80 53
43 59 52
21 52 35
59 3 8
59 18 62
25 6 63
19 5 17
21 9 76
49 58 54
61 66 92
60 18 12
15 16 87
2 5 49
35 48 67
1 50 57
51 19 69
43 24 33
3 4
1 3 46
1 2 41
3 2 88
2 3 22
63 100
10 29 51
34 15 79
24 35 23
46 30 37
59 9 13
61 30 100
62 26 83
44 24 22
44 37 47
17 40 99
28 37 17
24 54 77
13 25 5
12 10 90
25 38 41
51 20 16
40 28 57
53 44 42
7 5 71
29 35 96
62 55 60
30 17 83
5 42 2
60 59 95
15 6 73
13 28 53
6 14 61
13 53 71
13 49 90
9 30 63
28 45 74
15 37 12
30 44 14
13 62 15
46 13 66
30 29 99
33 29 84
40 62 19
24 46 62
46 40 11
25 27 51
40 38 74
50 29 5
2 8 36
46 40 50
28 17 74
30 53 38
28 15 28
13 44 62
9 4 32
63 49 36
30 37 98
41 58 50
8 25 58
27 37 17
43 42 99
40 30 92
27 37 3
16 42 85
27 40 26
62 17 78
13 35 50
13 18 24
30 50 62
30 15 29
38 53 62
47 35 86
11 40 62
13 53 4
28 34 13
34 19 53
57 17 28
13 53 28
23 12 21
1 31 46
21 63 79
22 11 28
15 40 32
51 37 37
3 46 33
31 62 99
27 14 73
40 25 89
6 28 79
48 28 54
5 35 92
18 32 97
6 40 52
53 28 10
29 50 76
62 37 76
24 38 61
52 27 78
27 15 53
56 46 52
34 14 78
15 29 11
39 7 42
62 58 3
36 29 73
30 100
8 20 74
28 7 33
3 20 20
17 9 72
21 4 91
29 7 73
2 24 92
4 20 23
5 11 72
21 9 80
4 16 54
21 9 60
7 21 66
7 10 86
7 12 84
24 29 86
6 28 47
21 7 80
7 19 91
11 24 45
22 28 58
28 3 63
24 19 80
19 21 8
8 6 4
21 20 1
3 17 86
4 5 49
16 28 19
23 24 29
22 11 1
14 11 23
10 3 60
4 17 6
5 8 56
3 19 9
7 20 76
10 2 41
15 4 9
16 14 30
6 29 43
13 12 14
20 2 30
10 4 31
16 5 24
20 7 48
18 17 95
28 11 50
28 14 51
7 15 46
10 24 64
28 27 1
29 28 29
22 29 91
19 16 25
9 15 85
28 21 94
16 23 75
5 10 68
23 11 49
6 16 53
28 7 57
28 3 35
27 9 56
19 27 87
8 29 59
19 24 41
7 28 22
28 24 68
10 4 4
18 29 21
19 20 12
9 20 20
9 11 20
2 20 28
15 27 94
19 17 70
3 30 65
15 14 2
17 5 52
13 26 44
15 24 57
25 21 55
3 10 98
15 22 63
14 12 34
1 25 95
20 9 42
23 5 68
28 18 28
9 28 100
21 19 24
23 29 98
3 27 91
12 15 54
21 27 83
18 22 49
20 4 58
28 19 62
22 15 75
33 100
2 29 29
20 12 38
3 16 64
1 28 97
11 19 40
31 16 44
24 11 95
6 3 33
1 29 91
28 27 36
28 14 80
11 10 20
9 1 52
11 24 30
12 19 59
7 27 50
4 14 34
12 7 20
19 7 3
16 6 18
2 19 71
2 10 37
32 8 92
2 22 48
3 1 76
14 11 98
3 16 59
2 22 21
6 11 43
11 16 9
11 20 79
18 2 61
19 29 65
20 13 77
8 12 15
14 21 66
1 14 65
7 11 83
19 1 20
22 7 31
27 11 21
22 11 87
10 24 1
25 18 31
30 6 86
2 5 42
13 22 33
15 10 24
14 30 52
7 11 49
12 3 33
8 11 45
9 20 2
14 7 100
16 1 22
3 30 51
13 2 79
9 6 20
12 27 30
1 26 50
11 24 22
20 11 7
12 19 31
22 8 7
28 29 3
9 24 39
22 14 64
14 16 79
13 22 11
23 27 94
6 14 92
3 19 81
27 8 35
6 29 90
10 8 86
27 7 34
13 16 26
13 3 20
1 2 79
12 14 89
12 27 86
17 22 78
12 27 29
7 9 18
22 13 15
21 16 58
11 22 75
33 32 37
11 18 42
27 16 40
12 8 32
16 7 88
28 12 32
27 11 52
16 10 17
14 13 94
12 11 49
24 27 15
3 20 68
29 16 86
53 100
51 16 30
9 47 75
2 1 1
45 36 69
13 29 87
3 26 49
22 34 6
24 37 66
51 53 99
37 51 7
37 11 10
52 45 60
38 23 11
48 1 17
4 51 29
37 24 78
31 10 1
45 22 62
18 36 73
34 37 93
37 31 44
51 13 58
45 14 57
33 3 9
14 31 96
37 11 51
42 25 86
48 45 24
52 53 56
50 7 4
2 13 61
2 40 30
53 34 36
38 39 32
30 3 37
24 13 97
2 31 23
29 14 32
51 11 65
22 53 80
48 13 34
14 12 35
50 48 71
11 53 91
28 2 33
11 51 1
23 35 86
11 51 34
41 52 89
51 53 31
34 51 61
51 14 40
29 48 76
2 29 8
50 27 50
6 38 100
37 31 1
2 53 11
42 24 87
51 5 88
16 11 14
52 29 76
17 8 1
51 13 62
33 38 50
34 31 52
31 1 94
52 29 14
52 24 49
31 47 47
48 14 91
1 38 98
48 2 18
11 22 23
52 53 52
13 11 24
43 22 85
45 51 76
14 2 47
20 16 20
48 21 8
48 2 89
31 34 24
1 13 53
37 48 71
13 23 55
51 22 64
52 1 38
46 14 30
1 31 70
29 44 50
23 32 29
17 34 48
38 37 27
29 52 73
15 21 22
1 23 94
46 19 13
48 51 78
49 20 16
72 100
71 66 100
31 48 98
48 66 87
50 72 80
21 36 43
48 61 55
23 38 29
45 40 95
19 11 63
27 23 76
15 8 26
21 55 66
70 66 20
48 55 54
53 30 100
28 64 32
25 13 100
18 66 98
1 17 33
50 70 96
31 19 34
3 60 2
50 55 12
26 9 74
33 72 26
42 25 4
52 23 93
72 55 10
55 60 38
6 14 69
70 25 77
42 24 80
56 29 55
51 68 64
54 29 58
12 72 45
17 48 35
46 22 80
64 4 94
50 55 92
64 32 7
55 31 47
21 48 2
42 26 11
70 38 78
5 70 58
45 21 8
4 8 48
49 65 36
70 72 46
68 31 20
17 55 39
35 32 95
51 67 63
72 66 41
31 48 18
72 14 76
38 65 65
50 72 67
47 35 78
21 7 31
16 62 58
66 1 67
15 25 53
70 55 44
6 1 92
63 52 86
56 38 11
50 6 39
53 1 3
17 70 90
6 59 24
1 70 11
6 70 21
56 62 76
31 70 24
21 50 86
57 36 77
70 22 10
70 14 47
14 39 18
25 21 19
25 70 100
5 58 17
14 72 2
66 20 84
10 21 85
26 37 58
43 13 99
14 72 40
6 50 36
44 33 54
55 31 92
10 41 33
25 72 79
34 36 67
69 36 87
38 66 11
48 70 35
2 31 50
70 100
44 30 72
18 54 14
45 47 100
18 59 3
18 30 46
63 56 22
45 44 96
44 56 46
32 36 83
59 30 7
41 13 46
61 47 94
12 7 14
29 47 58
4 29 97
48 45 30
49 36 2
47 44 32
44 5 62
10 33 88
59 39 35
42 27 11
56 26 19
47 30 52
44 54 100
18 68 59
64 40 2
56 47 3
69 13 53
61 52 32
62 37 7
10 21 56
16 8 36
59 37 23
18 38 97
51 48 74
56 47 2
18 10 76
49 15 37
49 9 22
28 16 52
57 26 96
30 38 99
44 10 48
10 47 39
61 56 86
58 40 73
41 24 92
10 31 77
34 39 45
20 70 91
19 59 99
1 21 83
58 45 50
11 25 76
37 65 69
17 44 98
59 13 40
13 44 9
30 13 67
11 6 50
44 59 17
44 59 12
38 59 94
17 2 41
55 11 11
11 53 19
68 36 68
54 12 8
10 30 44
10 30 79
43 30 74
59 13 31
67 19 82
66 53 14
56 42 23
10 46 70
59 10 85
4 35 52
13 20 99
17 23 91
22 33 51
43 28 41
44 38 37
38 44 6
14 42 81
47 30 87
46 13 46
13 59 100
59 47 56
61 47 30
3 50 26
47 13 76
13 54 51
44 30 34
30 60 100
30 47 60
11 10 33
38 13 60
3 53 16
9 14
7 6 69
3 9 99
3 4 27
5 4 30
5 8 58
5 7 92
9 2 87
5 4 10
7 6 7
2 1 64
5 1 86
9 6 61
3 7 61
4 9 60
7 16
6 7 7
1 5 60
3 2 51
7 5 93
3 7 77
3 7 79
2 3 95
5 2 92
5 2 37
6 4 34
4 5 92
2 4 42
7 6 28
3 1 30
5 6 77
2 6 34
14 29
10 3 9
10 6 24
7 6 71
9 12 63
9 10 63
7 8 15
6 3 12
10 5 41
12 5 32
2 12 91
6 1 60
14 8 63
11 7 73
1 11 18
10 2 48
7 10 37
4 9 94
5 10 7
3 5 55
11 5 58
14 1 48
3 10 75
13 2 47
12 11 34
7 10 25
11 3 23
3 10 65
5 9 28
12 11 26
99 100
63 31 83
59 68 67
37 75 2
25 80 59
63 41 38
1 93 79
68 89 6
28 37 49
24 81 81
80 74 22
69 6 85
23 25 35
93 68 78
94 72 71
62 72 65
34 81 86
96 57 12
68 40 57
39 73 45
75 44 39
2 83 10
84 67 65
17 24 75
37 68 85
15 68 88
29 4 88
74 21 38
97 59 65
45 51 11
47 8 3
63 72 93
74 64 82
20 25 29
13 84 29
24 63 38
10 23 44
87 52 58
68 29 63
40 81 24
35 99 51
43 74 43
66 11 60
19 17 20
12 46 33
33 70 99
55 11 87
24 50 88
67 69 13
41 72 93
45 63 85
14 94 29
11 16 14
34 76 26
52 63 64
99 92 17
78 65 55
72 80 43
7 99 42
99 24 40
9 14 73
64 58 83
30 34 60
2 8 74
63 81 94
97 18 88
82 35 35
48 5 21
85 21 95
32 36 27
59 77 60
98 19 46
68 86 48
49 69 42
31 53 59
39 96 62
42 69 65
90 93 37
91 15 29
54 17 63
31 33 75
2 52 5
71 85 66
95 94 78
22 94 73
25 88 100
60 73 90
69 16 53
3 21 40
12 21 6
25 5 82
79 17 17
38 40 73
49 56 65
16 63 21
80 27 71
63 96 87
32 72 21
28 65 6
26 29 52
61 52 46
34 100
13 7 23
32 29 2
18 26 16
7 2 75
12 31 65
14 12 38
7 26 52
3 14 74
29 20 22
3 32 46
9 7 34
32 34 64
32 17 24
5 7 65
32 3 53
1 28 99
29 34 33
28 29 52
27 26 4
32 23 79
23 34 52
4 1 72
24 1 96
23 32 27
14 21 48
12 22 26
32 1 98
16 12 70
7 3 19
9 28 4
4 26 20
29 4 97
23 6 53
1 28 53
22 14 81
28 13 80
12 13 87
4 16 79
31 12 60
7 21 88
7 29 10
27 13 97
34 7 37
5 28 2
14 26 6
9 13 26
1 2 11
21 12 24
30 2 55
7 13 39
22 3 83
19 8 15
28 15 67
12 15 53
22 27 65
32 4 87
7 14 15
26 31 84
1 31 40
7 34 13
7 21 74
4 7 57
15 26 50
12 17 24
4 7 78
30 2 69
8 14 79
9 30 28
11 8 6
1 28 61
22 32 71
15 9 63
26 2 50
25 15 86
3 31 45
2 15 44
28 34 85
27 29 48
7 13 50
22 5 13
13 31 2
14 32 97
7 1 59
33 2 84
9 13 39
7 23 27
28 15 72
4 21 58
7 3 88
15 7 71
14 3 90
7 16 43
17 22 24
14 5 87
3 16 74
17 30 45
28 10 22
14 32 60
7 29 34
14 29 94
81 100
36 64 5
24 27 28
45 4 33
73 69 83
75 42 39
9 60 19
24 27 69
49 19 99
25 24 92
4 24 72
73 4 14
58 27 43
66 33 85
8 15 28
33 25 90
10 77 44
4 31 76
47 70 5
50 51 83
5 34 61
12 65 36
30 25 43
25 47 66
8 18 86
76 33 69
72 53 6
4 72 11
56 58 1
53 67 7
42 12 27
49 48 11
27 4 67
54 31 64
74 54 67
53 72 62
42 23 29
38 73 6
70 29 6
55 46 73
34 77 42
79 16 47
40 22 48
46 35 81
32 57 28
23 73 61
48 43 96
31 62 75
20 31 68
78 39 8
69 59 10
58 7 98
72 27 24
13 45 35
27 4 48
25 47 90
53 24 81
22 71 40
72 73 13
47 14 16
25 72 46
1 77 98
6 73 82
11 71 74
63 60 55
27 77 45
53 33 43
25 21 100
27 24 77
27 16 28
26 9 43
58 68 64
30 44 44
25 60 74
48 21 32
25 8 72
73 24 3
22 31 97
81 72 35
17 45 82
73 35 16
47 33 12
24 47 73
35 3 98
47 52 46
51 2 88
4 73 10
51 80 21
57 4 17
25 27 3
6 37 13
23 51 29
28 66 57
61 16 45
24 4 39
78 11 98
47 64 4
24 33 94
25 41 11
25 53 66
27 53 53
99 100
53 70 49
77 97 78
33 62 56
92 39 31
38 28 22
36 45 89
59 43 89
31 52 17
34 2 91
91 9 90
5 25 68
11 16 88
35 21 52
69 40 28
63 81 59
60 94 64
38 33 66
55 48 66
65 67 89
87 4 46
52 72 89
69 10 69
86 36 66
56 8 4
84 57 57
43 57 21
55 23 46
23 49 1
90 68 62
35 63 44
90 97 38
37 55 74
6 7 15
81 30 24
81 62 48
29 25 58
63 59 44
41 68 16
81 63 23
97 81 5
70 93 38
52 30 29
81 16 14
56 6 74
18 1 15
6 59 80
83 34 50
3 59 10
78 72 57
82 59 7
42 62 89
46 45 62
51 63 75
47 72 15
78 15 2
15 24 34
19 65 70
15 99 5
69 59 74
10 79 79
75 16 73
74 6 72
83 51 84
68 26 67
62 93 33
97 60 80
73 22 89
87 80 26
83 54 29
25 65 85
76 63 4
69 45 79
59 19 50
32 75 93
4 30 56
90 64 72
98 93 2
44 62 40
18 44 35
13 18 75
88 65 89
81 59 4
89 64 36
65 71 10
66 6 44
30 61 6
96 81 69
51 27 87
81 50 89
48 12 63
20 72 88
58 48 14
39 23 6
14 33 96
42 73 28
17 73 91
4 95 5
85 1 10
23 59 96
91 87 46
79 100
32 24 40
74 41 99
53 20 94
77 39 90
67 68 89
10 30 53
13 4 3
19 11 36
48 51 41
77 50 45
24 12 75
55 32 70
65 45 97
32 44 74
66 63 66
3 40 62
30 48 5
21 9 8
8 36 86
75 58 49
14 43 15
75 27 85
75 48 47
61 13 84
18 9 47
47 15 34
2 20 62
76 18 79
9 27 52
21 48 95
39 22 38
68 27 1
19 56 12
36 68 59
68 37 14
36 30 40
60 48 21
13 46 83
30 38 84
53 43 84
70 24 61
75 59 6
55 42 97
67 48 97
36 79 92
68 21 59
27 39 87
75 39 33
75 30 85
25 48 80
48 30 71
65 30 33
71 41 31
69 22 94
53 39 31
56 57 27
72 43 55
36 64 10
31 56 71
47 13 74
65 35 35
52 32 65
27 68 80
46 34 81
54 58 24
75 48 50
48 9 67
21 56 13
7 18 68
67 46 14
59 16 32
14 28 67
29 26 85
43 5 40
48 55 64
30 68 100
21 9 1
68 21 63
6 55 88
2 62 41
67 39 92
67 36 14
39 21 63
9 30 17
76 1 19
56 27 71
26 39 91
66 26 100
55 41 1
75 78 69
67 75 96
17 45 34
39 56 76
68 53 6
33 66 72
53 67 25
21 23 94
73 18 88
49 32 63
3 36 74
53 100
49 34 17
28 31 18
25 8 78
39 42 61
13 21 5
25 10 29
14 37 90
19 24 41
18 7 28
32 23 8
19 17 55
34 2 63
23 18 94
13 21 93
19 7 55
18 23 23
23 17 50
25 19 61
13 10 5
28 32 44
7 27 19
42 35 99
16 40 30
41 25 25
27 25 74
48 35 11
19 39 29
28 19 43
20 21 26
13 25 58
28 51 17
41 32 58
18 23 92
31 43 75
8 18 58
47 17 87
41 32 24
41 18 93
27 40 44
51 23 77
6 53 73
14 51 28
41 18 6
29 25 62
3 32 1
17 23 24
13 38 38
50 10 56
43 40 92
13 28 82
1 32 40
46 31 30
23 33 20
23 40 42
23 32 22
2 50 98
19 17 97
23 17 91
18 30 60
25 30 33
47 31 3
8 41 17
28 31 87
30 23 47
32 39 69
21 9 16
7 32 68
10 4 67
21 27 38
5 7 31
23 27 69
6 45 16
19 39 92
35 52 95
7 25 9
26 6 19
28 43 90
31 6 34
36 44 87
8 31 73
39 19 74
8 28 35
28 17 31
22 27 2
50 12 36
31 41 76
27 39 100
17 41 67
7 30 68
27 41 76
19 32 95
28 43 92
41 19 78
11 29 40
30 32 7
28 15 80
43 31 18
40 19 10
7 10 18
44 8 6
66 100
41 56 26
6 58 85
43 55 1
42 41 50
36 50 49
7 46 65
37 7 53
22 11 12
40 54 89
54 19 16
24 4 31
43 19 16
15 1 83
45 1 9
60 1 72
19 54 46
14 28 74
26 41 31
13 19 49
54 31 78
32 13 12
18 49 75
41 19 60
19 14 17
21 19 76
21 52 19
43 48 86
3 21 13
16 52 98
52 54 3
15 56 49
44 10 43
17 56 20
9 41 74
40 2 100
13 40 100
19 42 40
40 52 4
43 41 42
63 56 79
19 41 26
43 44 66
8 46 100
49 44 3
51 48 80
63 48 92
34 44 59
43 61 40
48 13 43
23 42 97
23 13 45
33 28 81
39 35 34
13 64 54
42 43 36
56 54 72
15 25 78
52 13 91
13 23 12
44 53 17
24 13 32
19 63 23
42 56 77
29 54 39
2 65 50
43 41 89
48 56 66
52 56 91
14 57 94
63 48 52
48 7 99
62 2 26
41 21 84
13 21 17
42 41 88
23 42 6
23 59 22
47 21 85
23 6 26
56 5 70
40 63 46
14 48 88
41 23 92
28 66 22
38 8 51
20 26 75
7 36 36
39 43 98
42 56 80
30 41 100
56 40 94
52 56 53
43 12 79
54 56 77
42 52 93
19 44 48
14 21 20
22 6 54
23 42 33
27 56 96
85 100
28 37 63
46 4 68
22 17 45
56 63 28
59 44 17
25 43 38
43 17 56
30 38 87
77 60 29
23 32 91
26 31 41
14 71 87
37 35 83
29 21 87
67 9 16
81 27 71
9 70 55
84 22 83
69 58 26
75 52 42
18 17 58
34 27 6
64 17 61
55 27 6
5 55 56
66 37 99
63 57 75
53 27 54
66 62 75
1 62 21
34 9 51
55 82 38
76 24 49
62 71 84
4 40 13
18 5 63
53 17 88
7 24 35
15 85 69
47 5 62
22 56 63
75 36 67
60 45 78
26 38 23
68 74 70
37 53 81
62 26 72
16 83 11
56 17 73
48 18 7
29 66 88
80 61 29
67 16 66
75 27 34
3 47 63
67 79 18
66 22 39
42 68 59
37 17 71
73 28 63
8 49 69
53 37 36
11 85 47
13 59 51
59 54 36
46 51 56
78 63 80
18 66 72
37 10 25
12 67 27
66 53 69
7 75 67
2 56 21
55 19 15
28 32 35
5 66 5
45 46 20
50 16 99
66 5 48
74 67 31
80 62 31
17 27 52
5 9 53
10 85 89
69 74 24
46 9 36
20 64 59
85 33 25
66 5 47
41 17 62
13 37 12
9 27 12
18 34 38
12 39 84
23 65 67
6 17 11
72 22 28
9 18 38
49 9 40
27 34 77
88 100
88 77 14
76 44 64
7 25 43
36 75 52
56 52 24
38 45 25
26 69 28
24 44 51
27 23 57
64 17 56
7 80 64
63 87 74
25 71 34
52 44 30
4 19 92
11 15 85
43 61 23
56 52 25
4 14 92
3 14 7
68 52 65
40 14 50
37 32 42
2 56 89
67 3 7
80 13 96
58 45 25
29 40 97
4 51 86
14 29 77
29 56 43
49 40 21
36 70 60
73 49 6
26 75 77
55 34 16
56 23 37
56 21 27
43 81 6
2 4 13
13 55 73
88 38 98
47 16 85
18 88 81
80 86 49
29 77 56
40 80 63
29 40 5
3 72 29
23 37 83
7 75 98
37 40 25
81 39 65
35 6 78
82 13 49
40 75 26
31 43 58
48 2 86
56 11 40
46 37 20
77 1 53
62 6 33
7 77 71
10 15 60
7 50 89
84 37 57
67 66 94
77 40 51
56 80 17
14 17 71
9 24 59
36 85 60
86 5 48
59 4 1
42 43 17
77 65 40
29 53 90
67 12 94
60 79 97
8 40 51
74 61 95
37 2 52
41 19 44
26 78 8
6 46 93
28 13 81
56 29 98
30 11 63
54 26 47
3 33 40
11 83 83
20 80 63
1 2 51
75 23 84
61 36 47
52 60 73
22 4 12
87 60 13
16 8 8
40 57 8
66 100
11 17 66
6 53 2
41 52 21
15 36 70
39 7 25
57 30 17
6 15 35
36 62 97
38 32 28
16 13 53
53 1 34
60 58 1
40 10 31
4 40 48
6 33 62
33 8 34
48 53 40
52 6 6
37 55 40
37 9 86
62 48 67
6 62 61
37 33 44
15 10 94
9 10 85
39 40 6
12 25 2
32 48 16
35 5 7
6 53 94
20 45 35
42 40 82
22 37 78
3 1 53
55 6 100
41 6 47
6 41 15
8 41 54
60 55 98
63 52 3
41 33 13
53 15 97
6 52 57
55 36 40
10 36 83
10 49 19
45 22 19
12 51 57
9 41 62
64 16 55
36 28 39
41 10 32
18 8 47
27 40 88
36 41 21
53 59 80
41 48 72
17 57 56
57 41 42
65 32 84
43 36 8
9 36 99
60 55 99
47 65 99
41 19 73
33 41 26
57 31 100
12 34 46
38 44 26
8 41 56
53 8 85
36 65 4
37 48 43
9 53 86
38 34 64
48 37 18
26 32 68
52 8 71
55 52 84
31 14 30
23 55 75
63 2 40
34 46 23
6 41 97
29 63 45
65 38 95
56 65 57
6 41 75
36 33 94
63 66 78
3 61 57
54 16 61
15 37 61
50 62 47
5 52 2
48 60 18
37 21 34
60 53 60
16 17 31
24 43 72
20 63
15 11 94
10 15 44
18 13 84
19 18 38
16 14 85
19 9 50
1 9 40
2 16 19
11 15 55
15 7 30
11 4 27
15 11 89
18 3 87
20 2 36
19 8 75
19 16 55
14 3 13
10 8 98
15 8 27
7 5 89
1 8 19
8 17 4
3 17 12
20 8 19
11 5 12
12 2 40
13 16 39
11 9 83
12 9 34
5 3 45
1 18 38
19 2 35
19 17 88
10 2 38
8 19 43
11 13 63
13 1 27
11 13 24
15 1 36
11 18 65
2 14 86
2 4 68
3 5 86
5 3 41
12 19 40
8 12 12
6 16 98
14 4 4
15 16 87
18 13 66
13 18 37
19 16 70
6 12 58
12 8 80
4 12 5
1 6 29
6 15 78
17 2 19
4 2 51
5 3 17
20 2 90
19 13 23
9 1 91
18 38
8 7 71
4 11 65
2 15 94
18 6 6
15 2 63
13 8 74
18 13 18
15 13 98
8 14 49
15 6 43
13 9 85
1 4 96
7 12 50
10 9 22
15 10 39
5 1 42
4 5 96
1 16 30
9 8 14
14 13 85
15 7 88
7 8 3
15 11 53
9 1 54
16 18 20
12 10 17
13 7 21
11 18 44
8 17 68
2 10 34
14 4 2
8 15 63
2 3 12
3 7 9
17 6 5
4 3 93
5 4 69
15 11 80
44 100
11 43 24
13 5 77
1 7 95
25 6 20
2 25 26
5 22 46
25 42 20
20 43 5
41 4 54
39 20 29
24 27 78
39 16 71
17 20 33
36 37 46
34 17 19
2 33 66
17 42 41
16 43 97
35 4 59
4 16 15
5 11 77
34 10 19
29 36 73
39 11 57
15 4 62
3 38 79
16 29 18
25 21 61
19 12 48
10 34 89
32 39 27
34 13 93
23 35 79
35 43 9
33 4 50
41 23 69
6 35 17
34 23 22
17 36 52
34 25 72
5 29 89
16 29 62
36 19 5
38 25 10
38 5 51
43 16 44
1 28 91
33 20 6
16 6 42
17 16 7
41 4 13
16 20 52
10 36 99
20 15 41
20 2 53
20 19 96
8 31 13
11 8 70
11 39 13
43 25 49
23 18 8
39 44 8
36 42 17
36 41 46
35 6 34
2 17 25
23 16 72
41 25 6
2 23 13
20 3 23
23 43 17
43 37 60
41 39 48
35 38 3
2 41 80
11 23 16
35 3 23
11 17 80
2 39 56
16 4 34
36 34 41
29 25 69
4 38 56
23 5 98
25 35 9
39 41 71
40 16 47
39 27 21
13 26 41
30 14 20
3 4 91
2 25 32
8 1 53
29 9 93
39 29 32
25 10 42
14 19 38
35 39 72
25 4 89
17 25 79
81 100
22 32 7
31 34 39
4 19 78
21 6 77
60 22 56
38 23 95
6 70 53
39 18 26
16 59 74
9 7 75
74 59 83
60 53 5
57 51 81
60 71 70
76 78 15
70 67 39
67 28 77
51 70 6
7 33 40
47 46 54
18 71 39
36 53 15
7 19 4
15 4 90
52 39 70
78 31 97
42 50 16
1 8 3
32 3 96
28 48 32
21 79 29
39 24 95
18 53 87
4 51 18
32 4 97
55 61 97
49 33 4
69 53 35
11 75 33
65 67 65
29 58 5
37 67 55
43 81 86
70 78 98
33 20 42
22 52 17
47 19 1
18 6 1
52 60 50
54 28 57
10 39 3
78 23 85
18 39 77
51 53 26
71 68 31
1 40 28
72 21 26
11 17 89
80 53 61
56 42 78
60 22 14
79 5 8
4 78 60
71 78 73
68 12 33
25 77 50
75 21 86
13 1 10
1 35 92
26 16 74
19 60 73
43 78 35
45 71 66
19 2 70
6 25 24
61 22 50
51 19 62
39 22 73
20 30 78
4 6 13
30 44 51
22 70 7
77 58 86
64 53 16
64 66 96
75 16 30
4 53 76
32 22 84
59 14 49
18 4 91
47 27 35
22 18 72
70 32 52
39 1 22
4 62 69
63 18 68
55 42 97
52 78 51
51 73 100
78 41 36
53 100
24 36 16
3 6 48
27 8 99
27 11 69
8 36 53
26 24 12
35 34 19
50 10 34
11 5 66
5 45 10
38 5 49
1 7 8
21 38 91
18 8 60
50 5 39
51 20 22
11 53 4
5 17 77
46 32 32
5 21 87
44 53 99
10 27 84
19 50 9
7 53 65
7 9 69
9 15 96
36 23 43
32 28 68
21 17 43
9 36 37
29 10 11
23 32 77
42 47 70
35 50 58
44 10 88
35 41 18
17 10 96
25 46 24
17 8 88
44 50 43
38 43 1
27 17 54
17 44 98
11 24 53
33 26 47
50 11 30
8 53 57
50 5 74
28 5 13
9 11 50
24 36 19
41 53 91
8 50 63
32 24 24
32 23 37
9 48 75
27 28 35
15 21 64
17 21 84
38 12 77
49 50 3
50 36 19
38 21 12
27 17 34
13 23 99
9 27 56
28 20 53
41 36 23
10 28 35
27 36 75
10 5 75
24 4 27
21 8 72
27 50 100
8 27 41
5 44 32
44 17 11
52 23 50
35 31 6
28 3 11
41 38 24
30 34 53
40 27 70
42 8 47
47 2 58
49 14 52
32 28 1
10 27 56
53 36 69
21 32 66
24 23 70
32 22 24
8 37 69
32 53 88
44 50 78
27 50 48
16 44 21
7 35 11
39 35 64
17 41 57
30 100
4 2 50
20 23 62
24 20 89
5 25 39
26 28 68
15 28 29
27 13 32
4 9 2
27 7 45
30 7 17
5 18 84
3 13 94
10 15 19
4 14 51
16 24 66
26 27 37
23 5 11
12 28 39
19 29 30
27 3 79
12 13 93
20 17 35
17 27 37
16 12 36
20 13 52
15 4 51
13 29 22
7 17 100
30 28 3
17 2 37
15 26 63
13 5 80
7 27 67
13 23 58
27 20 68
5 26 69
2 5 71
27 20 64
28 3 63
19 16 24
28 29 47
16 19 5
27 8 14
26 2 50
22 2 82
20 19 68
5 17 24
1 22 47
20 12 61
15 20 24
7 3 58
1 18 75
16 24 20
22 27 31
20 21 94
22 28 49
3 17 61
27 28 91
4 14 28
3 17 6
13 18 36
8 22 51
8 17 15
29 17 97
8 28 80
13 10 97
27 10 53
22 7 39
16 28 7
26 6 76
13 18 93
17 26 66
4 29 61
29 4 79
22 20 7
28 2 11
10 27 60
17 3 52
20 16 69
7 13 61
8 9 63
17 3 43
10 3 22
4 10 40
17 1 18
21 24 51
29 10 73
5 2 95
14 10 22
13 27 45
17 22 36
13 7 67
20 12 3
7 8 62
29 8 53
3 13 61
24 30 83
19 11 29
8 30 45
18 1 59
33 100
24 25 52
4 21 68
24 15 81
17 24 9
12 9 94
13 9 75
21 27 17
20 32 44
3 29 2
15 12 60
8 29 84
24 28 52
29 26 14
9 15 40
17 31 92
9 13 100
15 26 58
25 14 26
15 13 44
15 23 38
6 30 89
26 13 61
22 33 58
17 12 38
32 24 36
24 25 76
26 28 76
5 13 19
28 20 92
28 24 31
2 8 31
8 17 2
12 13 93
8 13 37
20 19 20
12 3 53
23 29 49
2 17 40
3 12 35
20 4 25
21 26 2
2 9 42
3 8 8
25 4 95
9 15 16
4 3 46
25 15 35
21 29 3
8 22 97
5 26 50
17 32 41
9 3 19
25 8 81
17 6 29
25 2 36
5 29 24
17 13 6
3 9 74
17 24 100
16 4 30
26 2 88
24 26 17
28 9 9
23 24 40
3 25 55
21 23 95
17 12 56
29 13 24
28 17 64
21 29 76
29 17 86
18 1 74
3 21 72
15 3 21
2 12 78
18 11 52
15 21 55
26 17 1
26 10 20
2 20 59
29 30 23
28 18 29
32 29 2
20 24 25
26 8 93
26 4 53
17 29 13
2 8 20
3 13 64
9 3 4
20 11 62
16 17 31
14 7 48
23 12 100
4 18 14
5 23 4
20 21 35
24 17 84
12 8 14
18 24 10
57 100
15 1 47
36 47 83
20 47 54
3 47 94
11 50 77
47 16 67
6 13 91
53 18 96
57 53 10
8 26 7
16 23 12
30 3 57
50 10 84
54 6 50
16 6 9
42 37 63
14 31 37
49 17 13
47 53 100
47 38 70
52 41 30
31 44 31
6 49 37
50 57 23
53 39 29
11 29 59
4 53 13
47 16 88
16 40 28
37 22 73
5 52 91
14 16 78
25 2 33
43 23 40
11 23 59
27 3 84
12 14 16
53 14 31
11 3 68
13 48 41
34 24 18
15 43 69
14 3 41
18 40 6
31 26 68
52 31 66
46 37 81
13 57 91
6 54 61
50 33 8
33 49 63
32 17 63
3 16 54
18 23 52
33 47 35
13 36 10
30 56 7
54 11 3
33 9 4
50 14 28
14 18 100
54 16 40
10 37 66
40 29 43
23 7 72
31 10 50
16 29 53
3 34 19
11 23 95
45 31 25
53 23 43
33 49 13
55 24 46
25 27 98
53 47 37
23 53 15
9 18 9
39 50 23
18 6 73
19 6 4
3 21 10
54 11 73
9 3 80
53 57 16
18 31 17
3 39 11
50 31 60
9 14 91
16 18 84
47 23 30
14 10 80
9 51 68
39 6 96
16 31 100
57 33 37
32 28 11
50 49 75
11 35 26
53 16 99
39 53 17
23 100
19 7 58
17 10 2
5 16 88
22 4 64
13 23 41
6 3 92
10 5 52
2 16 53
19 20 75
23 17 41
20 13 36
19 2 74
8 14 35
8 9 92
4 3 60
14 22 63
2 16 96
16 21 50
4 15 16
1 10 15
4 20 83
19 11 93
16 23 56
11 17 99
3 23 70
7 8 77
6 15 77
4 8 11
8 19 96
11 13 17
19 10 85
1 10 14
7 14 34
6 17 44
2 13 4
13 22 71
17 23 30
16 5 54
2 13 42
2 15 83
23 17 28
14 18 95
19 22 18
17 18 95
3 20 16
23 2 82
2 20 97
1 19 92
14 7 33
19 18 95
16 17 53
6 15 52
2 17 6
19 22 28
3 12 75
15 22 64
14 19 16
11 19 51
6 7 41
11 6 82
10 14 91
6 16 7
8 2 65
7 8 5
1 19 16
22 1 61
3 15 34
8 7 5
3 1 68
3 14 43
22 15 70
6 14 79
3 7 41
3 2 20
19 1 82
16 8 74
16 1 94
17 3 44
14 13 97
4 16 94
8 14 27
15 17 46
20 4 100
20 13 88
16 10 1
20 7 17
6 20 58
23 16 82
6 13 29
16 15 93
19 7 80
20 19 91
7 8 7
16 20 28
17 19 32
17 20 92
7 18 59
4 15 86
22 13 15
16 18 64
33 100
26 28 75
14 29 66
14 2 20
30 4 38
4 22 85
7 1 1
22 21 77
33 24 18
14 22 58
22 9 16
33 8 41
14 29 62
7 31 86
25 7 78
9 11 41
3 11 48
31 11 81
1 33 1
16 11 61
7 21 5
33 22 11
3 12 37
22 4 85
24 9 84
18 23 38
31 32 99
29 25 9
20 25 13
25 31 3
33 8 57
21 25 42
18 4 81
19 9 30
8 16 45
1 11 39
4 11 50
14 31 55
3 5 21
11 8 79
6 27 19
3 9 17
20 31 30
31 14 31
33 16 42
8 5 15
31 30 58
14 1 33
7 10 15
29 2 40
15 27 61
31 27 47
31 4 35
29 22 53
18 4 66
22 11 26
30 25 27
8 2 78
9 31 60
11 18 16
16 4 4
30 5 22
13 17 3
18 11 8
22 24 76
14 9 80
3 16 13
14 4 21
26 27 34
18 30 27
33 11 74
31 2 91
33 5 49
16 9 81
5 16 2
3 8 56
25 9 66
16 33 32
20 3 26
16 9 16
22 11 90
9 8 95
5 24 70
9 33 21
2 27 36
14 22 23
14 9 81
33 1 86
31 16 4
8 31 12
27 25 11
2 17 73
21 4 35
11 29 15
29 33 3
3 5 53
33 11 48
7 21 12
9 11 99
25 1 49
29 9 11
99 100
62 34 19
38 20 21
4 27 37
34 16 22
26 61 50
8 53 94
14 12 80
76 35 8
91 5 82
66 82 62
17 28 96
32 60 25
24 33 67
48 24 11
19 29 71
27 9 87
38 13 70
53 29 72
66 7 86
58 27 10
85 56 57
24 19 98
97 81 15
11 31 47
26 77 46
82 87 60
71 26 75
43 75 32
71 46 57
49 16 59
75 85 87
83 95 55
58 73 39
2 4 96
88 13 27
24 63 26
38 41 78
26 19 28
52 96 9
24 65 22
67 72 17
49 37 60
23 66 47
61 10 27
30 96 2
70 89 17
67 16 13
32 74 45
44 99 54
5 29 98
31 98 29
40 98 61
41 80 76
25 96 57
74 97 43
50 89 91
38 74 12
22 5 13
36 14 74
42 76 10
90 94 80
18 44 68
84 53 20
66 51 23
98 4 57
3 45 78
96 50 50
48 44 28
5 79 55
21 40 74
69 54 50
52 71 45
85 64 23
37 68 18
5 47 96
38 54 75
98 1 39
34 55 83
16 4 24
52 39 17
38 29 92
74 41 2
37 14 75
27 93 20
24 59 48
67 86 88
76 28 31
25 15 90
85 24 81
78 25 3
5 74 28
6 3 28
90 49 71
3 52 72
66 41 91
83 27 10
5 16 1
22 57 7
66 92 99
29 76 72
97 100
19 8 82
77 89 52
77 29 85
77 24 96
61 25 79
82 86 48
97 23 51
6 92 38
30 5 64
20 77 100
24 14 11
48 60 21
1 28 83
52 31 71
5 2 3
3 9 51
77 10 27
57 7 23
39 33 9
54 14 78
16 76 93
21 66 64
86 51 97
32 94 41
33 60 38
49 7 38
12 51 49
24 22 34
70 50 41
18 1 89
87 40 73
50 69 96
61 75 28
42 75 91
42 86 29
50 65 90
91 92 2
74 72 40
73 80 89
38 24 46
41 83 90
38 88 98
13 11 54
46 54 59
86 14 69
59 77 90
42 11 30
78 69 14
74 6 60
58 71 29
70 4 84
47 43 67
86 81 62
85 90 87
55 20 60
42 14 62
32 53 66
13 15 83
43 52 4
23 14 28
70 6 72
32 24 88
14 79 74
44 40 1
6 95 52
82 83 44
13 33 63
13 34 76
61 62 50
65 76 6
32 27 64
13 43 42
6 42 30
80 66 38
9 14 54
5 46 73
85 33 45
17 63 17
62 35 50
56 40 93
76 8 80
27 67 34
68 16 25
13 84 58
40 95 55
14 71 72
68 36 36
96 4 52
11 24 17
86 11 25
92 64 22
24 80 31
7 54 94
28 79 43
13 93 57
45 67 18
17 32 83
86 46 17
26 54 19
93 37 6
17 67
5 8 57
12 5 17
3 5 56
6 4 72
12 4 54
10 4 38
2 13 97
4 11 9
16 5 94
6 8 11
10 16 13
8 17 4
13 9 32
17 5 39
1 13 39
16 14 68
11 3 81
3 13 66
7 1 46
17 11 74
6 2 21
2 5 22
4 3 86
13 5 20
16 12 29
3 1 57
3 4 59
11 13 86
11 1 42
17 2 31
14 16 90
12 3 2
6 2 84
6 11 11
10 12 42
8 16 12
16 1 9
5 14 74
10 7 41
6 7 78
7 16 13
17 5 53
8 5 44
16 12 18
2 3 62
4 15 57
7 14 24
2 8 92
3 6 79
5 13 61
12 16 51
3 13 84
5 3 30
8 3 20
7 3 6
1 13 33
12 1 54
14 10 4
13 6 1
2 4 76
14 10 93
2 11 12
13 16 6
14 4 71
16 15 100
12 13 83
2 14 8
24 99
2 5 77
23 10 9
10 11 12
18 6 24
6 8 86
8 14 68
3 5 10
6 7 35
1 8 32
6 20 27
20 7 52
23 22 59
6 4 52
2 12 54
24 8 40
7 24 31
6 23 55
7 15 74
4 18 56
8 14 58
16 2 13
22 6 46
20 1 29
16 8 61
8 19 30
18 5 14
18 3 53
6 17 54
3 22 24
4 15 81
17 10 6
19 2 85
18 19 62
4 5 78
15 13 7
16 1 50
17 3 14
6 1 88
1 5 31
6 2 76
20 8 46
4 16 13
10 15 81
8 16 92
17 20 77
2 8 98
2 10 74
14 8 67
13 4 11
4 2 63
1 15 21
3 7 43
2 6 53
18 16 85
20 7 69
2 22 49
5 16 44
3 10 93
15 22 91
15 24 23
1 4 91
6 12 18
4 6 94
5 15 11
20 18 65
23 4 78
13 7 26
5 20 87
22 19 50
17 23 61
5 15 39
17 24 30
7 14 25
6 24 18
8 20 41
23 13 54
2 18 76
1 10 27
19 10 38
15 17 12
6 16 37
6 17 37
12 20 82
13 8 74
10 15 80
15 4 58
2 9 28
15 21 34
20 17 10
15 8 65
6 18 55
10 4 49
16 17 40
20 19 76
3 15 22
6 21 87
20 6 3
4 6 29
8 15 68
71 100
54 20 95
54 7 45
15 17 64
69 40 37
61 8 65
55 19 74
69 49 33
34 46 8
26 7 89
54 7 68
34 49 46
68 18 21
66 51 78
39 29 52
30 68 67
17 14 2
61 66 55
49 54 65
43 22 94
33 11 59
39 66 54
49 62 79
10 61 43
16 49 99
65 30 78
41 45 85
66 46 56
36 47 26
28 4 87
18 25 6
14 19 69
54 21 82
11 16 65
50 1 90
39 40 13
49 34 8
46 34 73
11 50 47
33 46 78
65 52 58
54 31 98
13 28 96
66 54 48
11 50 62
40 15 64
44 63 39
33 41 84
53 28 98
61 37 74
61 32 53
30 46 98
39 69 15
31 39 21
34 49 5
49 33 58
15 12 46
71 28 7
36 9 36
36 2 39
34 46 81
38 5 69
54 56 1
49 7 86
49 40 49
33 50 89
47 40 11
66 16 89
11 33 57
66 31 34
31 40 51
46 39 91
30 16 100
65 24 13
64 66 49
34 50 70
7 11 38
11 67 41
3 57 62
59 66 6
46 15 33
34 50 86
54 49 95
6 50 15
54 39 15
27 15 48
23 36 88
5 44 38
34 69 2
35 58 95
36 42 11
40 39 6
66 43 61
63 57 25
34 5 91
40 31 44
20 48 10
61 70 71
58 57 37
40 28 45
60 17 62
16 32
14 3 79
5 7 84
7 8 46
5 3 98
4 6 36
4 11 73
9 16 62
14 8 70
11 8 37
12 10 58
15 10 64
13 11 6
11 1 14
9 4 22
6 3 17
7 2 66
11 5 5
7 9 78
1 10 72
12 4 28
6 14 74
4 5 83
15 5 78
4 10 47
8 3 46
15 4 50
4 13 61
1 3 85
7 1 55
13 8 42
1 7 99
1 4 53
70 100
32 28 3
36 18 68
64 14 11
52 32 32
33 47 74
19 69 19
31 69 70
39 46 95
45 63 87
29 65 41
47 48 84
38 6 99
64 33 33
2 33 37
64 28 74
43 62 2
28 31 27
69 2 49
23 6 10
16 8 97
69 46 59
44 60 84
49 42 78
33 69 69
9 17 57
28 22 46
3 12 86
30 20 79
63 25 76
20 66 93
10 1 19
53 7 62
28 32 99
46 55 95
51 23 29
70 6 93
19 12 79
8 2 65
31 17 50
61 55 67
8 47 99
55 64 38
33 4 58
31 23 33
46 33 13
6 65 13
39 55 12
2 19 92
19 28 3
69 33 100
2 31 56
46 32 6
33 21 34
61 33 9
55 24 86
69 39 77
68 43 92
46 23 6
8 33 76
30 41 59
23 17 36
29 67 78
27 37 32
31 30 85
70 27 93
31 35 45
10 61 29
46 9 67
8 33 56
68 2 61
32 56 76
54 68 58
53 47 71
39 31 59
31 33 41
58 49 85
64 40 67
9 47 5
47 5 29
23 39 40
28 39 33
33 39 94
47 33 33
50 40 30
34 10 56
48 13 28
55 26 7
60 2 32
2 9 70
23 64 65
31 69 24
8 33 63
47 63 55
49 33 69
18 58 23
33 39 18
28 11 22
22 59 74
57 9 62
9 15 53
68 100
62 9 92
39 48 80
4 45 44
33 45 73
44 43 49
3 64 88
19 10 100
4 11 29
34 33 30
66 61 92
11 64 30
26 15 5
63 49 64
33 57 53
34 57 40
48 46 99
29 16 72
64 9 5
34 48 88
59 16 51
33 21 27
18 55 25
64 16 34
38 64 72
17 48 60
57 48 25
16 21 56
53 14 98
29 9 55
27 53 58
11 1 59
62 33 73
57 4 17
57 17 57
16 33 47
62 23 9
45 48 32
2 50 45
64 48 100
24 21 15
4 58 36
18 45 15
20 11 38
65 21 68
60 12 18
57 29 78
13 16 71
33 62 40
57 9 15
54 9 39
47 20 6
48 33 28
56 67 42
16 34 31
57 16 88
27 48 25
5 24 86
16 29 14
45 64 61
59 8 64
19 63 91
26 17 5
9 53 47
9 18 86
3 43 5
28 32 31
21 34 26
31 29 44
16 29 78
14 52 10
35 55 35
21 51 25
41 34 92
33 48 46
27 29 24
22 51 20
45 9 4
18 9 41
18 62 28
30 27 92
48 45 32
36 11 67
27 63 78
34 45 44
37 34 1
16 6 73
62 11 33
32 42 13
53 67 29
7 59 25
66 67 70
9 13 53
51 40 19
29 4 37
50 46 47
60 59 8
9 45 34
40 68 26
66 25 91
32 18 56
12 32
10 9 83
9 10 77
8 6 5
1 11 93
2 12 71
4 10 76
8 2 24
10 12 6
3 4 96
4 1 41
1 12 41
9 7 9
5 1 33
4 12 96
5 4 35
12 5 5
3 2 10
2 10 25
5 12 50
6 2 18
8 7 30
6 9 44
5 3 79
6 9 23
4 11 28
4 1 87
3 8 36
12 1 36
12 2 62
7 9 50
1 12 75
3 2 3
91 100
14 85 41
20 11 11
58 90 95
84 82 96
70 59 13
2 32 72
73 87 24
59 45 100
55 84 78
39 84 60
27 18 34
89 33 5
13 67 74
50 34 45
42 74 6
10 18 55
52 81 70
25 8 27
70 43 46
65 86 10
85 24 89
78 55 7
18 39 80
80 60 34
16 57 90
22 29 92
80 55 63
48 3 3
36 80 30
74 46 87
87 29 56
41 25 73
88 30 98
88 8 6
16 70 41
86 69 24
2 13 92
7 14 82
82 49 7
15 70 77
20 32 23
46 12 3
71 16 55
72 74 21
43 79 44
2 68 36
62 29 47
16 23 10
55 35 81
1 26 65
59 17 24
69 61 14
84 89 75
6 25 27
16 38 93
28 82 41
77 65 80
90 70 89
55 59 32
8 53 64
51 50 15
84 63 35
85 73 66
1 13 55
39 75 64
4 40 12
73 86 46
52 85 78
59 90 5
55 37 74
70 2 71
56 51 10
21 81 73
84 5 96
74 48 18
55 64 63
19 32 44
55 90 45
51 8 41
84 3 32
40 50 51
73 55 19
70 90 54
47 74 44
31 41 46
32 9 22
84 37 30
91 32 98
66 18 57
59 70 32
84 55 30
37 53 50
73 70 85
70 55 42
55 70 78
83 67 34
86 76 65
13 54 62
73 90 95
44 85 2
51 100
35 43 67
3 6 5
43 23 5
35 3 5
15 4 35
2 47 65
17 35 48
22 40 32
35 22 22
38 4 6
15 17 44
43 6 51
29 15 32
4 28 79
25 4 93
21 43 3
22 24 31
11 43 75
7 33 66
17 47 30
22 39 58
24 47 77
19 42 67
31 2 31
17 24 94
22 4 24
34 40 63
28 4 47
3 15 73
24 2 30
17 48 95
3 37 21
20 26 71
5 43 6
4 2 43
28 40 69
35 15 1
32 14 77
40 17 81
8 19 77
41 18 76
28 2 61
15 34 14
33 11 30
50 33 54
15 40 76
2 28 10
49 2 100
34 15 79
22 34 100
22 34 31
13 1 75
47 2 100
11 2 90
36 3 72
8 34 15
40 24 2
33 17 86
43 7 20
2 47 17
34 7 53
35 20 31
34 24 70
15 30 52
43 18 32
17 40 5
11 3 7
33 43 44
27 3 30
10 20 73
4 15 2
28 15 81
28 51 57
33 40 95
2 43 93
11 34 62
3 23 65
16 28 69
24 28 43
33 34 67
4 7 64
14 36 38
9 36 12
34 47 73
28 34 8
15 4 16
17 40 78
45 4 98
33 35 68
24 17 2
44 33 24
47 4 42
33 3 89
3 7 49
1 6 53
43 2 17
22 43 33
12 36 48
46 17 25
15 7 96
24 80
1 17 63
3 9 78
17 1 22
19 6 68
12 23 37
5 6 78
12 13 35
12 6 5
15 3 59
12 19 8
3 5 59
21 2 86
3 18 38
13 14 87
2 8 96
11 5 16
6 15 92
12 14 60
6 2 64
10 1 98
20 11 34
21 3 75
1 2 4
1 7 10
3 11 12
9 21 63
6 1 53
22 15 30
16 10 53
3 6 61
22 3 30
11 15 14
20 24 15
13 15 1
15 20 87
11 2 98
19 9 76
24 1 68
13 5 20
5 14 40
23 3 69
16 15 56
23 4 86
7 11 28
11 21 55
19 12 62
8 14 55
6 5 19
8 7 10
23 17 11
13 11 55
19 13 28
9 16 37
13 22 95
22 6 24
3 13 73
9 23 6
1 12 61
14 22 54
24 21 41
19 6 60
22 12 26
11 8 21
19 5 94
5 13 5
5 1 84
16 11 11
11 15 28
3 20 14
12 5 74
10 6 93
12 5 32
14 5 41
14 19 63
8 5 50
2 12 77
11 4 15
13 2 90
20 18 44
17 20 82
32 100
13 31 97
15 19 34
24 20 34
23 16 50
18 25 75
29 5 51
27 9 19
1 10 72
18 3 69
21 19 50
11 29 9
11 25 70
25 5 21
17 27 3
4 10 2
30 20 50
30 29 85
23 27 71
8 23 85
8 23 88
20 11 1
30 15 15
17 23 95
13 27 72
18 8 38
19 28 85
10 9 52
10 1 49
3 25 7
25 17 26
29 19 10
27 14 54
8 27 93
27 13 34
13 1 86
18 1 3
15 24 79
22 29 42
1 5 79
4 9 22
24 19 4
11 16 78
29 25 75
1 17 39
24 25 61
22 3 42
29 1 79
9 15 54
3 18 17
31 9 73
11 29 42
5 27 55
8 20 79
17 29 62
12 26 24
29 27 9
8 12 45
5 1 56
23 13 5
32 2 56
19 26 45
3 12 45
19 18 48
1 8 13
11 14 35
20 25 61
23 20 23
23 18 80
22 27 36
20 7 25
24 25 44
18 1 75
19 17 71
5 25 36
3 12 90
10 5 48
7 24 34
4 5 17
16 21 43
25 17 100
4 28 87
19 26 20
7 4 90
25 3 20
31 27 30
29 11 21
27 22 91
7 28 21
22 10 48
15 31 11
21 7 28
30 4 93
8 5 78
17 8 8
1 10 75
22 29 33
18 31 99
2 26 60
27 6 13
18 11 2
42 100
27 3 94
38 17 62
42 20 93
25 29 10
31 7 43
27 30 94
24 16 71
34 22 17
31 17 77
25 21 40
38 23 11
41 9 47
23 21 41
9 28 30
21 32 13
10 27 89
30 31 94
2 23 58
28 31 14
38 3 95
13 33 30
15 17 90
25 18 36
3 39 100
27 31 50
15 16 7
15 9 12
11 16 74
30 26 34
28 29 15
16 31 32
23 30 90
16 28 92
38 25 18
24 29 68
30 9 68
31 38 17
29 32 18
14 23 47
27 39 98
28 3 39
7 24 36
41 27 61
29 41 87
40 12 31
18 16 42
28 23 30
28 17 12
31 17 12
32 16 58
32 5 48
29 21 8
10 40 61
28 32 40
23 2 86
38 16 98
16 25 45
18 29 89
7 27 58
30 29 48
3 24 46
36 2 33
30 31 4
15 27 90
37 4 55
27 10 19
29 41 83
19 10 80
1 23 68
30 28 40
31 25 15
31 25 98
27 7 32
22 29 3
16 15 54
41 35 49
17 41 27
29 11 38
24 25 83
27 39 75
33 30 61
31 30 70
29 10 98
32 8 35
19 6 81
31 38 1
28 25 7
8 32 74
31 2 18
29 3 34
10 14 6
29 30 5
15 42 82
25 41 96
23 37 14
31 39 34
21 31 62
29 21 72
29 18 61
39 23 72
69 100
54 44 72
53 32 89
13 65 7
38 47 9
55 7 68
9 12 75
53 7 68
20 69 52
64 41 57
15 37 6
28 7 71
27 56 57
53 33 18
20 69 50
66 47 69
51 52 99
41 34 77
33 7 71
58 16 72
54 8 40
39 15 71
66 21 1
32 7 67
35 15 72
33 8 100
25 2 44
42 15 89
8 7 64
54 7 19
14 69 62
34 3 60
14 32 87
15 12 89
53 11 66
57 29 4
44 57 67
33 57 20
10 66 94
2 7 52
67 66 77
26 44 22
29 59 38
54 33 65
13 7 79
4 14 36
53 69 36
48 62 95
8 14 24
57 28 44
33 31 64
30 43 72
28 53 64
50 2 23
54 57 43
32 28 31
48 61 48
43 23 14
29 62 89
41 44 98
29 63 55
6 8 4
54 29 49
8 28 31
14 57 69
68 67 34
28 53 82
20 4 70
60 1 8
44 28 94
53 20 19
33 14 35
24 52 56
54 20 62
44 7 66
40 41 75
18 56 51
4 32 16
28 53 96
33 57 34
54 53 51
49 54 12
69 66 62
30 14 38
48 58 15
64 5 22
53 15 33
53 33 20
41 22 69
37 1 73
53 19 3
20 17 34
18 66 6
28 45 47
53 67 18
57 14 26
57 55 24
36 66 69
50 46 75
52 14 5
14 33 12
20 60
17 6 90
11 13 50
14 5 97
5 19 51
19 3 26
6 2 52
17 12 23
13 5 16
8 3 63
10 7 53
4 12 41
3 6 2
16 14 72
12 14 50
10 12 56
13 12 39
2 12 39
16 6 53
6 15 100
5 7 66
6 12 41
6 5 96
18 13 14
16 15 40
20 1 68
2 11 35
10 12 20
12 10 49
20 6 69
1 13 57
4 6 95
3 14 1
3 20 21
13 2 78
2 6 40
7 12 63
11 5 90
15 5 55
20 2 76
6 18 8
6 8 93
3 18 72
12 7 10
4 20 41
12 13 53
13 3 85
4 20 89
6 13 13
11 13 37
13 5 65
3 8 2
12 15 76
6 3 100
15 19 18
12 11 70
16 13 25
20 9 10
6 8 8
8 5 21
2 7 31
14 29
4 3 30
6 2 12
12 13 40
8 9 70
13 1 76
4 2 22
12 9 85
2 3 8
5 8 62
9 6 38
6 13 45
8 9 85
8 12 58
8 1 91
5 13 2
8 10 36
1 5 68
14 2 62
11 8 44
4 5 87
2 10 38
2 9 73
3 9 80
2 13 88
2 9 62
8 2 91
10 12 52
11 13 13
2 7 73
99 100
11 64 85
71 80 41
90 53 52
20 69 58
44 35 94
49 96 18
85 90 4
97 70 26
86 58 88
20 8 37
6 60 100
69 50 46
83 6 85
14 1 23
62 70 98
59 79 87
96 26 39
88 51 26
64 43 68
14 23 19
52 74 96
26 80 46
84 88 80
26 5 4
72 20 23
42 30 91
12 53 78
27 95 95
2 78 76
94 16 63
5 91 23
1 77 37
26 35 40
91 25 24
57 10 61
37 4 38
17 99 5
45 36 20
7 48 79
29 20 87
82 41 90
66 84 75
4 42 23
90 9 67
76 32 48
94 78 30
73 44 77
54 26 14
5 38 81
95 34 60
13 12 68
51 73 17
9 63 26
20 39 88
9 22 36
91 59 46
50 47 30
72 58 88
25 46 56
24 5 70
81 52 79
75 80 37
38 3 64
44 6 49
79 43 16
98 56 34
8 92 6
35 10 10
76 84 54
15 40 95
82 53 98
56 54 52
45 21 3
83 33 53
89 50 63
5 20 41
90 35 70
18 20 94
53 35 62
20 99 58
26 10 72
45 52 80
37 19 91
15 34 38
57 28 54
37 31 61
35 2 12
19 93 67
87 12 9
34 55 77
78 65 85
45 91 50
72 48 64
61 94 27
70 90 78
14 20 36
24 19 72
95 72 82
53 68 41
67 56 52
88 100
16 41 79
68 26 11
84 24 36
30 26 68
62 48 33
79 55 36
23 5 46
35 77 72
42 35 26
28 31 54
86 57 80
63 42 1
84 62 15
58 62 46
1 15 11
12 23 42
48 47 30
1 7 86
85 61 34
70 35 32
25 71 8
60 58 95
76 18 19
3 75 36
57 38 36
45 46 20
20 58 38
22 84 16
36 85 58
87 66 89
22 70 37
12 11 67
13 22 90
71 61 87
3 81 44
29 16 58
84 80 75
40 71 68
74 61 46
1 22 54
25 14 33
22 55 89
24 1 80
60 53 3
46 83 17
23 50 87
32 82 70
35 62 24
51 52 49
2 77 36
72 65 2
35 24 69
82 84 82
22 39 58
8 77 73
18 88 71
23 69 23
70 35 42
70 35 31
31 17 50
62 24 75
58 82 39
51 42 87
56 51 97
30 1 49
19 80 35
84 24 97
40 27 65
57 77 40
24 50 47
3 73 8
84 58 37
58 62 77
70 44 20
65 62 33
66 80 97
39 35 22
32 25 58
33 13 40
82 75 3
35 78 53
84 1 82
65 34 56
34 43 40
82 64 23
54 41 42
70 24 26
49 16 94
87 4 65
12 6 13
58 67 31
45 85 89
1 88 33
37 35 55
39 16 96
76 10 47
13 21 44
17 62 38
69 9 86
59 70 2
86 100
63 78 4
83 46 76
52 63 99
6 57 96
41 30 43
19 57 15
56 27 25
62 52 58
63 62 42
4 76 70
63 46 10
25 62 13
38 74 5
26 39 11
12 65 65
68 49 15
16 73 74
59 38 72
67 4 18
1 38 21
26 48 65
5 34 90
27 82 29
15 40 96
70 73 37
34 72 44
63 55 11
42 69 37
62 70 4
54 21 44
58 43 17
72 77 20
70 73 35
25 85 90
18 32 53
43 62 36
18 12 37
29 21 7
9 45 63
71 12 22
1 63 82
73 21 25
38 21 22
75 82 20
29 2 11
27 14 82
52 38 6
63 62 19
25 7 35
16 81 12
73 21 70
57 43 57
51 67 17
63 86 37
21 52 84
17 58 38
63 52 45
22 43 97
31 11 64
24 67 21
1 41 86
15 54 34
70 62 77
54 50 62
37 33 39
66 4 82
69 44 38
47 16 68
37 23 45
79 4 8
69 52 100
12 36 46
35 84 52
4 53 56
52 70 53
68 54 54
72 31 73
20 27 98
43 38 52
17 51 98
70 9 79
84 26 99
26 8 36
27 43 62
65 37 23
57 61 59
52 10 70
21 31 9
58 64 73
3 57 74
52 28 38
51 80 78
52 73 28
1 73 49
35 60 42
13 8 6
52 63 81
63 43 100
57 84 93
43 65 44
87 100
27 30 68
26 53 73
74 29 88
52 51 19
8 40 46
34 61 44
84 80 92
73 41 26
12 21 68
79 66 3
4 55 91
56 58 18
30 62 66
64 27 20
30 82 24
17 62 6
78 72 6
22 27 38
16 80 10
70 8 79
71 63 69
72 43 22
52 20 67
21 52 98
22 61 32
83 2 97
87 11 26
62 17 41
36 45 55
49 46 92
42 33 15
14 47 79
64 52 18
60 26 25
25 79 73
76 44 3
74 51 85
41 50 24
35 50 47
75 82 100
68 12 47
71 32 39
65 79 49
18 4 4
17 15 1
1 60 43
30 10 69
27 30 15
77 15 84
30 27 54
64 44 70
4 71 46
64 52 65
19 29 23
84 59 60
55 44 9
36 46 4
72 7 23
27 13 94
11 84 39
81 4 82
8 52 17
67 26 7
54 26 92
44 81 89
74 44 76
5 14 6
44 24 43
47 86 3
6 34 82
14 38 81
69 58 78
57 15 4
50 56 1
4 27 81
8 14 94
56 17 7
15 26 91
2 48 26
4 27 52
3 41 99
62 43 7
11 43 31
81 62 49
17 30 19
27 74 10
37 15 44
55 17 75
4 52 67
44 31 53
23 77 61
30 33 23
66 85 47
79 55 7
49 62 31
9 52 13
82 17 42
64 2 46
45 28 98
71 39 90
70 100
9 45 97
27 67 88
28 34 37
67 21 82
18 59 96
65 33 21
21 51 45
62 52 17
20 25 21
15 38 8
37 54 14
1 47 43
40 38 80
25 24 59
66 47 100
39 21 61
26 27 92
62 59 17
25 1 49
12 7 99
6 38 36
42 17 67
57 39 67
21 67 78
50 1 41
39 67 75
70 4 21
27 59 70
67 21 82
50 27 94
21 1 85
41 63 45
69 27 1
59 36 99
10 61 15
33 52 78
60 3 52
29 70 70
34 45 88
18 59 92
18 52 85
52 21 2
3 38 73
29 38 9
38 50 17
55 65 74
63 12 36
18 39 14
1 44 8
21 67 50
8 47 36
21 47 30
1 48 87
47 21 43
48 1 3
1 46 62
61 31 68
23 67 21
22 40 45
28 11 78
39 49 72
67 21 95
62 2 81
1 53 54
36 37 87
10 47 14
39 50 35
56 28 72
53 21 26
67 43 1
27 1 41
64 69 62
39 50 60
27 21 56
32 4 90
63 42 19
35 50 21
27 62 66
30 11 77
18 27 59
27 18 81
67 50 61
36 27 53
50 67 7
14 68 68
16 50 99
67 39 82
5 15 28
12 62 78
26 62 90
48 18 12
58 28 82
26 48 92
19 42 70
50 36 23
52 48 75
14 47 12
1 58 91
59 50 36
18 13 64
52 100
15 47 21
27 16 38
12 4 48
48 4 6
51 12 24
52 28 38
40 50 98
40 36 33
35 22 2
4 28 100
20 43 50
19 2 52
3 10 70
23 15 48
27 4 20
22 12 26
12 28 17
28 11 82
24 51 80
12 10 74
27 28 34
40 4 54
51 23 76
23 28 71
11 22 14
3 22 78
41 42 11
50 51 82
48 52 55
22 36 43
4 26 99
4 23 1
36 43 48
7 17 13
52 50 8
52 23 32
11 48 40
3 21 8
36 3 42
16 12 13
50 3 37
22 18 91
50 43 87
16 22 19
27 3 23
44 5 62
18 34 17
11 23 96
38 26 17
14 22 72
4 52 41
9 10 20
40 22 19
33 51 65
28 10 27
45 16 74
40 50 25
32 47 38
3 43 36
22 27 69
50 12 2
22 13 87
29 7 31
11 6 14
52 50 8
51 23 38
12 23 73
11 8 24
41 31 43
29 46 62
14 37 89
5 30 79
27 4 74
41 52 49
16 36 62
22 44 76
2 26 88
27 39 91
22 4 69
3 4 84
29 35 54
40 22 41
52 50 70
10 16 95
28 10 6
27 40 75
3 4 58
3 51 29
11 50 31
49 1 33
10 50 79
36 22 93
50 51 16
10 25 2
27 50 44
4 48 85
40 4 48
49 51 32
12 4 48
51 36 21
26 100
8 22 89
1 5 7
7 4 12
19 12 70
18 20 78
18 26 23
9 3 91
7 8 91
14 22 48
22 25 73
15 3 52
23 6 1
22 24 83
4 14 62
21 20 12
19 10 20
2 23 41
17 20 80
19 14 1
19 5 79
25 11 29
14 26 28
12 5 47
1 14 7
21 25 23
16 14 16
1 7 66
21 14 30
26 21 6
21 9 14
14 22 81
19 22 72
9 3 51
8 19 73
9 24 19
15 9 92
23 9 36
23 22 64
6 9 33
17 6 46
22 9 83
21 23 86
3 9 73
7 23 97
22 5 81
20 22 49
7 26 13
7 17 37
4 18 95
14 12 38
8 22 43
18 13 15
25 18 1
18 19 47
26 19 39
9 23 94
9 1 49
25 12 92
7 19 26
5 25 85
21 2 46
18 14 67
11 20 83
22 1 54
10 9 69
14 24 87
1 21 2
17 7 31
26 15 16
12 8 55
20 21 56
17 7 31
20 26 38
20 18 13
7 8 16
14 26 35
8 7 37
13 25 19
5 16 74
3 18 2
20 18 42
22 8 43
11 26 55
15 14 9
11 8 7
19 20 73
11 19 35
14 18 10
22 2 28
19 7 8
19 4 62
13 20 77
17 18 60
25 6 63
25 7 23
18 1 67
6 26 68
6 7 44
9 18 37
15 6 69
85 100
82 56 2
50 29 39
31 51 48
48 2 9
5 39 55
65 51 22
47 74 78
37 12 24
49 46 98
42 50 43
72 54 41
65 19 47
41 9 30
72 4 54
33 63 96
18 60 64
25 13 4
78 34 59
60 44 76
31 66 95
62 43 40
54 51 90
37 27 82
69 81 92
68 58 9
13 31 51
64 62 73
2 56 52
54 66 46
51 65 61
13 6 53
66 70 50
13 53 78
38 67 85
40 16 61
65 66 62
72 65 57
65 84 67
73 61 97
51 55 37
66 72 72
16 76 79
84 51 21
51 72 60
31 51 66
21 55 67
72 47 31
84 78 89
73 56 19
3 52 9
24 7 66
30 9 89
84 80 34
38 53 6
1 84 46
53 11 23
37 22 6
68 38 60
54 66 98
9 33 60
17 64 67
23 8 68
37 50 4
40 32 64
20 16 92
15 60 48
40 62 23
79 40 75
30 26 78
10 54 100
51 77 66
30 59 44
46 71 11
65 23 85
81 72 96
2 28 100
54 50 58
22 7 91
65 66 15
75 49 73
66 30 83
35 83 77
44 3 23
78 31 43
46 2 55
55 14 54
2 51 19
64 46 68
47 65 35
65 54 25
37 50 33
36 67 7
47 83 33
85 9 75
5 66 31
47 84 30
54 57 53
47 3 37
65 50 1
3 45 98
33 100
32 2 43
10 18 88
23 28 66
27 28 51
32 18 52
22 33 90
28 2 42
20 30 29
10 3 7
31 28 67
23 4 26
3 7 64
26 31 55
22 9 45
14 31 13
23 22 21
10 9 98
12 28 91
14 8 91
9 33 1
22 20 82
18 12 88
2 14 67
22 9 53
12 18 69
10 31 69
15 21 40
3 22 7
18 11 53
21 7 45
2 14 44
15 6 39
32 6 51
21 23 57
11 15 100
28 10 80
8 5 36
3 15 50
28 14 88
9 8 39
14 10 81
11 18 80
27 15 39
22 15 75
28 9 63
26 15 3
14 6 18
18 21 62
10 11 86
7 10 90
26 15 77
32 12 15
8 23 35
11 23 86
28 15 88
15 8 85
15 26 79
22 11 14
14 10 15
21 22 39
27 16 37
7 8 92
27 9 20
11 27 61
18 24 35
22 31 27
27 15 28
13 27 32
23 27 72
10 27 60
31 14 13
29 27 54
28 14 38
15 27 8
18 17 56
14 8 67
21 7 26
1 16 22
8 2 38
8 28 56
3 8 58
26 23 11
32 24 27
2 22 24
18 31 31
22 33 48
24 10 86
2 25 36
32 19 82
22 14 85
15 27 94
31 6 48
23 22 92
16 10 55
9 14 46
28 33 84
18 8 49
1 15 27
10 18 8
10 6 3
87 100
67 78 36
15 43 12
28 81 95
27 25 50
2 47 41
13 65 47
6 17 76
6 67 53
3 9 24
18 44 80
67 78 86
67 43 91
4 82 98
27 43 71
22 62 33
37 6 1
79 65 2
39 78 1
25 7 35
68 32 30
86 30 93
24 67 11
16 22 20
56 53 66
55 78 49
79 70 36
75 61 62
68 46 92
15 43 59
81 87 17
67 65 75
14 3 18
63 19 57
42 1 12
74 66 95
78 79 65
39 61 15
65 47 77
68 85 57
73 9 95
24 59 43
38 67 42
34 45 5
17 4 37
79 11 82
79 39 34
51 41 12
19 21 19
39 83 7
16 47 46
33 1 2
78 79 80
58 23 63
79 15 45
47 9 38
64 15 89
78 65 82
67 39 45
45 10 75
56 36 26
80 19 95
23 67 1
39 17 87
29 66 5
67 65 29
56 50 9
8 12 30
78 69 57
35 43 20
6 76 31
73 84 50
53 77 19
43 10 90
6 52 91
86 73 54
63 24 78
6 56 1
40 32 69
43 79 57
37 48 37
47 51 21
35 17 80
81 72 53
29 71 82
32 35 37
54 40 41
6 49 43
29 37 92
87 37 79
78 43 42
68 31 42
25 12 98
35 44 34
5 12 67
39 15 27
1 47 3
58 26 69
6 57 6
60 6 93
20 44 81
69 100
17 2 21
58 13 93
39 22 97
15 4 72
55 44 48
28 9 68
4 13 9
11 52 67
22 19 62
45 13 13
57 47 64
19 55 23
40 15 81
47 17 91
32 8 5
3 35 50
55 47 66
26 41 36
31 20 36
40 14 18
67 58 73
8 2 13
21 68 21
19 67 82
50 49 73
66 23 84
38 20 14
42 17 91
60 55 72
44 5 72
46 11 59
41 65 8
42 67 41
2 36 13
50 22 2
20 34 29
66 55 72
39 40 85
31 21 54
15 47 15
39 15 6
67 42 27
44 39 18
14 56 78
42 60 68
67 47 85
15 67 91
40 55 70
14 63 45
25 16 67
40 44 97
3 62 87
58 60 74
55 42 42
38 59 94
60 8 23
26 28 83
64 52 6
48 24 61
22 27 6
44 13 93
43 53 32
22 8 39
45 11 23
43 2 95
2 55 68
67 61 48
28 7 42
2 67 30
6 67 34
2 4 67
58 40 23
12 3 91
2 44 35
41 29 54
42 22 59
67 40 46
8 42 30
8 10 22
60 2 60
47 48 50
29 2 82
45 31 78
58 12 9
18 43 48
19 37 49
22 40 20
47 40 91
54 68 100
1 13 5
42 60 11
25 11 90
39 8 8
47 2 87
69 7 20
55 42 48
51 67 81
56 30 50
33 60 58
42 2 30
90 100
68 80 41
4 15 68
35 29 8
40 21 9
90 23 30
16 41 35
46 80 53
52 34 61
8 25 90
18 29 84
42 24 76
89 68 92
64 44 74
60 57 66
89 42 52
78 36 24
36 31 44
40 54 70
35 13 46
35 8 89
64 51 36
10 40 11
36 42 28
29 59 54
8 58 27
52 1 8
64 3 61
79 42 31
62 75 69
77 78 17
13 83 67
41 67 26
1 61 30
67 14 17
3 68 48
57 18 61
67 3 70
68 76 78
64 84 60
85 42 71
23 87 45
24 80 22
84 39 33
73 8 36
36 49 95
69 26 3
3 78 29
41 45 77
80 89 13
62 7 6
78 68 94
47 38 33
31 65 12
49 30 86
48 51 16
35 43 10
46 6 89
67 80 100
5 70 48
32 36 81
67 26 98
58 12 44
38 67 96
68 89 69
23 80 3
19 52 54
89 9 99
89 3 23
81 27 3
71 42 50
56 2 68
70 59 36
17 29 32
44 4 11
26 67 72
72 13 70
40 9 17
52 35 21
20 70 73
49 56 48
55 57 43
74 23 2
78 9 55
63 75 99
49 35 76
78 69 19
55 82 67
28 22 5
88 14 37
81 60 15
78 67 83
21 66 58
50 4 40
37 2 97
33 31 41
80 86 53
11 56 73
69 28 12
62 8 80
53 31 84
11 18
8 9 37
3 5 3
10 9 28
2 4 18
8 7 36
11 5 37
11 4 12
1 5 87
4 3 58
10 11 83
6 3 12
10 5 91
7 8 22
2 1 32
7 3 1
6 1 86
9 3 78
11 10 59
83 100
60 19 20
61 81 74
41 80 100
54 17 45
24 64 46
14 60 15
24 11 52
80 9 23
59 17 44
58 64 14
48 52 79
21 83 7
45 39 67
38 80 51
38 12 89
65 27 95
70 39 40
38 51 27
76 27 63
41 34 99
73 6 12
6 16 67
63 64 62
3 65 51
28 23 33
14 64 74
64 80 76
80 38 97
75 7 5
64 82 37
63 41 96
2 30 3
76 80 14
58 47 54
10 7 69
21 77 70
14 83 85
15 38 13
78 60 10
66 42 100
14 18 66
41 64 35
58 64 10
46 45 81
4 36 94
24 82 7
26 67 45
6 22 79
63 68 58
32 20 32
41 81 66
14 26 4
29 32 30
63 64 11
68 80 23
49 23 87
58 41 92
82 80 63
8 52 35
63 83 23
15 53 93
79 44 90
44 70 99
71 36 20
68 14 2
5 20 60
24 82 18
43 68 38
80 72 57
20 14 81
64 41 17
64 41 21
14 82 25
52 56 94
40 8 22
6 27 70
33 24 70
41 83 78
38 1 73
30 71 80
49 13 53
65 69 65
41 82 24
82 55 19
62 76 100
57 19 60
66 47 49
35 82 69
23 68 87
50 37 63
31 20 14
74 15 71
21 50 87
80 38 14
69 25 95
41 44 71
71 41 100
59 79 96
34 56 67
10 64 87
69 100
13 34 90
37 5 84
53 61 90
60 32 31
57 8 68
32 6 82
17 32 89
57 61 27
32 49 55
32 8 87
12 27 25
26 14 64
48 17 81
5 26 12
21 12 66
11 25 58
53 57 62
36 10 25
46 54 91
21 49 18
53 33 1
3 22 79
43 31 71
49 32 69
52 6 45
68 41 58
17 6 97
17 6 58
9 11 87
4 52 20
27 51 3
36 19 7
34 63 8
17 6 50
40 62 32
29 28 72
5 58 43
5 21 59
34 52 56
22 45 44
61 5 14
28 37 74
42 55 62
29 39 14
64 59 6
15 61 67
53 21 9
13 41 32
16 13 31
52 5 86
21 53 47
32 45 34
5 40 74
5 21 55
6 67 1
6 67 81
23 6 70
33 21 40
66 12 54
54 33 35
67 17 12
52 17 53
57 8 8
26 65 17
6 61 57
17 33 37
28 64 51
63 2 34
26 43 93
57 17 93
26 57 47
10 42 79
24 7 8
8 32 59
5 6 56
13 24 13
32 8 46
30 53 100
5 67 45
5 33 53
12 47 28
57 1 75
52 57 90
61 5 32
6 17 47
22 11 38
18 34 43
33 67 50
20 35 36
8 6 79
50 1 97
20 27 27
30 36 51
5 32 22
21 38 21
5 49 57
21 56 54
69 21 7
23 44 82
21 40 100
64 100
27 37 88
16 18 45
25 34 70
46 38 11
46 34 4
56 38 10
60 3 33
24 38 59
29 21 17
61 53 68
5 60 38
24 59 68
42 16 26
46 19 37
60 24 67
14 54 2
52 5 76
5 51 96
41 32 23
46 57 9
56 38 2
10 57 33
40 49 68
38 59 15
60 19 53
51 64 56
34 46 21
3 24 85
25 56 20
24 38 81
19 57 1
60 25 54
34 46 91
6 20 62
19 2 45
43 52 55
24 51 35
64 15 98
60 34 24
57 26 26
44 63 73
14 27 80
25 51 28
51 21 47
62 40 91
5 34 55
3 51 12
51 3 62
51 4 72
36 52 43
28 51 35
40 7 42
34 3 4
41 38 33
3 51 47
60 58 78
9 39 25
57 51 83
26 56 48
24 56 39
12 38 35
31 33 67
56 30 91
47 41 46
57 5 93
40 23 86
56 49 95
42 60 43
55 60 65
60 19 41
19 57 49
50 31 86
60 5 8
3 51 53
17 9 9
60 8 7
19 44 22
5 34 72
46 51 50
33 25 16
13 56 26
17 52 87
24 34 60
60 34 21
3 56 49
46 19 52
9 11 7
30 48 12
22 28 56
25 19 45
57 26 66
19 1 90
3 60 8
5 26 76
27 26 30
6 9 99
45 38 4
47 61 21
35 60 55
59 5 52
99 100
72 81 54
12 8 73
61 56 86
25 26 25
53 56 38
23 71 76
7 11 36
17 19 70
96 71 97
69 42 19
45 99 94
47 32 36
86 87 95
71 20 38
46 35 78
85 69 64
76 91 9
44 97 82
63 49 24
27 31 29
79 81 60
79 64 92
14 48 98
6 98 70
2 3 78
61 69 57
35 5 1
45 36 29
37 21 50
48 56 54
25 68 25
56 80 62
77 74 48
81 34 27
15 8 27
50 73 16
86 79 18
8 89 91
69 21 88
90 20 77
26 93 39
12 11 80
34 62 43
58 30 6
43 3 44
29 79 65
4 20 67
97 59 27
18 81 12
97 10 24
92 45 88
3 39 56
20 55 28
85 32 68
33 42 72
8 94 96
70 40 3
46 98 93
85 74 33
16 74 35
82 63 48
81 39 40
77 50 5
88 39 21
32 74 75
6 1 89
57 21 98
97 75 34
95 35 26
21 58 48
85 8 100
8 66 46
76 46 70
46 68 36
84 56 36
83 88 98
65 12 99
63 9 20
17 51 63
38 22 27
78 62 16
75 28 66
54 6 16
85 49 68
45 52 82
85 32 7
81 24 42
62 60 3
67 46 65
27 6 68
28 81 81
79 17 19
38 46 32
85 62 92
77 70 64
44 13 88
58 46 48
79 45 42
2 41 9
71 79 43
71 100
43 68 61
67 19 92
21 26 45
67 1 80
7 27 27
57 68 52
40 68 79
22 68 18
57 30 80
34 50 45
34 42 60
25 57 82
22 55 4
57 4 27
16 19 98
50 33 36
22 65 20
67 49 97
3 27 96
31 6 3
24 65 40
65 57 30
22 50 92
21 33 42
47 55 83
22 50 34
26 42 92
63 54 43
71 49 16
19 39 36
67 16 17
53 62 46
57 8 31
26 57 79
29 24 69
58 52 77
16 19 32
38 20 63
22 30 67
19 25 70
45 71 49
17 11 58
25 51 99
38 4 54
16 22 98
49 13 33
37 4 1
67 21 89
69 7 67
67 50 24
7 60 26
59 64 94
16 26 12
17 41 44
30 19 58
55 61 6
5 10 90
30 25 17
23 36 36
67 57 78
18 70 1
66 42 54
50 67 98
58 34 70
63 68 74
2 27 70
71 46 91
19 26 64
16 67 41
26 47 84
70 35 96
49 9 53
57 26 2
48 32 80
31 36 83
57 33 20
56 35 39
22 65 40
22 5 42
15 5 69
57 16 99
64 67 21
47 57 52
16 33 30
30 65 99
16 28 49
35 57 70
67 6 11
7 21 3
12 28 23
62 60 48
47 6 46
44 9 20
14 41 54
16 25 96
34 47 76
17 8 92
32 47 79
6 65 79
21 26 73
0 0
